
NUMPOLLIES 36

// Floor 1
-5.0  0.0 -15.0 0.0 8.0
-5.0  0.0  15.0 0.0 0.0
 5.0  0.0  15.0 8.0 0.0

-5.0  0.0 -15.0 0.0 8.0
 5.0  0.0 -15.0 8.0 8.0
 5.0  0.0  15.0 8.0 0.0


-5.0  0.0  15.0 0.0 8.0
-5.0  0.0  30.0 0.0 0.0
 5.0  0.0  30.0 8.0 0.0

-5.0  0.0  15.0 0.0 8.0
 5.0  0.0  15.0 8.0 8.0
 5.0  0.0  30.0 8.0 0.0

 -5.0 0.0 30 0.0 8.0
-5.0 0.0 45 0.0 0.0
5.0 0.0 45 8.0 0.0

-5.0 0.0 30 0.0 8.0
5.0 0.0 30 8.0 8.0
5.0 0.0 45 8.0 0.0

-5.0 0.0 45 0.0 8.0
-5.0 0.0 60 0.0 0.0
5.0 0.0 60 8.0 0.0

-5.0 0.0 45 0.0 8.0
5.0 0.0 45 8.0 8.0
5.0 0.0 60 8.0 0.0

-5.0 0.0 60 0.0 8.0
-5.0 0.0 75 0.0 0.0
5.0 0.0 75 8.0 0.0

-5.0 0.0 60 0.0 8.0
5.0 0.0 60 8.0 8.0
5.0 0.0 75 8.0 0.0

-5.0 0.0 75 0.0 8.0
-5.0 0.0 90 0.0 0.0
5.0 0.0 90 8.0 0.0

-5.0 0.0 75 0.0 8.0
5.0 0.0 75 8.0 8.0
5.0 0.0 90 8.0 0.0

-5.0 0.0 90 0.0 8.0
-5.0 0.0 105 0.0 0.0
5.0 0.0 105 8.0 0.0

-5.0 0.0 90 0.0 8.0
5.0 0.0 90 8.0 8.0
5.0 0.0 105 8.0 0.0

-5.0 0.0 105 0.0 8.0
-5.0 0.0 120 0.0 0.0
5.0 0.0 120 8.0 0.0

-5.0 0.0 105 0.0 8.0
5.0 0.0 105 8.0 8.0
5.0 0.0 120 8.0 0.0

-5.0 0.0 120 0.0 8.0
-5.0 0.0 135 0.0 0.0
5.0 0.0 135 8.0 0.0

-5.0 0.0 120 0.0 8.0
5.0 0.0 120 8.0 8.0
5.0 0.0 135 8.0 0.0

-5.0 0.0 135 0.0 8.0
-5.0 0.0 150 0.0 0.0
5.0 0.0 150 8.0 0.0

-5.0 0.0 135 0.0 8.0
5.0 0.0 135 8.0 8.0
5.0 0.0 150 8.0 0.0

-5.0 0.0 150 0.0 8.0
-5.0 0.0 165 0.0 0.0
5.0 0.0 165 8.0 0.0

-5.0 0.0 150 0.0 8.0
5.0 0.0 150 8.0 8.0
5.0 0.0 165 8.0 0.0

-5.0 0.0 165 0.0 8.0
-5.0 0.0 180 0.0 0.0
5.0 0.0 180 8.0 0.0

-5.0 0.0 165 0.0 8.0
5.0 0.0 165 8.0 8.0
5.0 0.0 180 8.0 0.0

-5.0 0.0 180 0.0 8.0
-5.0 0.0 195 0.0 0.0
5.0 0.0 195 8.0 0.0

-5.0 0.0 180 0.0 8.0
5.0 0.0 180 8.0 8.0
5.0 0.0 195 8.0 0.0

-5.0 0.0 195 0.0 8.0
-5.0 0.0 210 0.0 0.0
5.0 0.0 210 8.0 0.0

-5.0 0.0 195 0.0 8.0
5.0 0.0 195 8.0 8.0
5.0 0.0 210 8.0 0.0

-5.0 0.0 210 0.0 8.0
-5.0 0.0 225 0.0 0.0
5.0 0.0 225 8.0 0.0

-5.0 0.0 210 0.0 8.0
5.0 0.0 210 8.0 8.0
5.0 0.0 225 8.0 0.0

-5.0 0.0 225 0.0 8.0
-5.0 0.0 240 0.0 0.0
5.0 0.0 240 8.0 0.0

-5.0 0.0 225 0.0 8.0
5.0 0.0 225 8.0 8.0
5.0 0.0 240 8.0 0.0

-5.0 0.0 240 0.0 8.0
-5.0 0.0 255 0.0 0.0
5.0 0.0 255 8.0 0.0

-5.0 0.0 240 0.0 8.0
5.0 0.0 240 8.0 8.0
5.0 0.0 255 8.0 0.0

-5.0 0.0 255 0.0 8.0
-5.0 0.0 270 0.0 0.0
5.0 0.0 270 8.0 0.0

-5.0 0.0 255 0.0 8.0
5.0 0.0 255 8.0 8.0
5.0 0.0 270 8.0 0.0

-5.0 0.0 270 0.0 8.0
-5.0 0.0 285 0.0 0.0
5.0 0.0 285 8.0 0.0

-5.0 0.0 270 0.0 8.0
5.0 0.0 270 8.0 8.0
5.0 0.0 285 8.0 0.0

-5.0 0.0 285 0.0 8.0
-5.0 0.0 300 0.0 0.0
5.0 0.0 300 8.0 0.0

-5.0 0.0 285 0.0 8.0
5.0 0.0 285 8.0 8.0
5.0 0.0 300 8.0 0.0

-5.0 0.0 300 0.0 8.0
-5.0 0.0 315 0.0 0.0
5.0 0.0 315 8.0 0.0

-5.0 0.0 300 0.0 8.0
5.0 0.0 300 8.0 8.0
5.0 0.0 315 8.0 0.0

-5.0 0.0 315 0.0 8.0
-5.0 0.0 330 0.0 0.0
5.0 0.0 330 8.0 0.0

-5.0 0.0 315 0.0 8.0
5.0 0.0 315 8.0 8.0
5.0 0.0 330 8.0 0.0

-5.0 0.0 330 0.0 8.0
-5.0 0.0 345 0.0 0.0
5.0 0.0 345 8.0 0.0

-5.0 0.0 330 0.0 8.0
5.0 0.0 330 8.0 8.0
5.0 0.0 345 8.0 0.0

-5.0 0.0 345 0.0 8.0
-5.0 0.0 360 0.0 0.0
5.0 0.0 360 8.0 0.0

-5.0 0.0 345 0.0 8.0
5.0 0.0 345 8.0 8.0
5.0 0.0 360 8.0 0.0

-5.0 0.0 360 0.0 8.0
-5.0 0.0 375 0.0 0.0
5.0 0.0 375 8.0 0.0

-5.0 0.0 360 0.0 8.0
5.0 0.0 360 8.0 8.0
5.0 0.0 375 8.0 0.0

-5.0 0.0 375 0.0 8.0
-5.0 0.0 390 0.0 0.0
5.0 0.0 390 8.0 0.0

-5.0 0.0 375 0.0 8.0
5.0 0.0 375 8.0 8.0
5.0 0.0 390 8.0 0.0

-5.0 0.0 390 0.0 8.0
-5.0 0.0 405 0.0 0.0
5.0 0.0 405 8.0 0.0

-5.0 0.0 390 0.0 8.0
5.0 0.0 390 8.0 8.0
5.0 0.0 405 8.0 0.0

-5.0 0.0 405 0.0 8.0
-5.0 0.0 420 0.0 0.0
5.0 0.0 420 8.0 0.0

-5.0 0.0 405 0.0 8.0
5.0 0.0 405 8.0 8.0
5.0 0.0 420 8.0 0.0

-5.0 0.0 420 0.0 8.0
-5.0 0.0 435 0.0 0.0
5.0 0.0 435 8.0 0.0

-5.0 0.0 420 0.0 8.0
5.0 0.0 420 8.0 8.0
5.0 0.0 435 8.0 0.0

-5.0 0.0 435 0.0 8.0
-5.0 0.0 450 0.0 0.0
5.0 0.0 450 8.0 0.0

-5.0 0.0 435 0.0 8.0
5.0 0.0 435 8.0 8.0
5.0 0.0 450 8.0 0.0

-5.0 0.0 450 0.0 8.0
-5.0 0.0 465 0.0 0.0
5.0 0.0 465 8.0 0.0

-5.0 0.0 450 0.0 8.0
5.0 0.0 450 8.0 8.0
5.0 0.0 465 8.0 0.0

-5.0 0.0 465 0.0 8.0
-5.0 0.0 480 0.0 0.0
5.0 0.0 480 8.0 0.0

-5.0 0.0 465 0.0 8.0
5.0 0.0 465 8.0 8.0
5.0 0.0 480 8.0 0.0

-5.0 0.0 480 0.0 8.0
-5.0 0.0 495 0.0 0.0
5.0 0.0 495 8.0 0.0

-5.0 0.0 480 0.0 8.0
5.0 0.0 480 8.0 8.0
5.0 0.0 495 8.0 0.0

-5.0 0.0 495 0.0 8.0
-5.0 0.0 510 0.0 0.0
5.0 0.0 510 8.0 0.0

-5.0 0.0 495 0.0 8.0
5.0 0.0 495 8.0 8.0
5.0 0.0 510 8.0 0.0

-5.0 0.0 510 0.0 8.0
-5.0 0.0 525 0.0 0.0
5.0 0.0 525 8.0 0.0

-5.0 0.0 510 0.0 8.0
5.0 0.0 510 8.0 8.0
5.0 0.0 525 8.0 0.0

-5.0 0.0 525 0.0 8.0
-5.0 0.0 540 0.0 0.0
5.0 0.0 540 8.0 0.0

-5.0 0.0 525 0.0 8.0
5.0 0.0 525 8.0 8.0
5.0 0.0 540 8.0 0.0

-5.0 0.0 540 0.0 8.0
-5.0 0.0 555 0.0 0.0
5.0 0.0 555 8.0 0.0

-5.0 0.0 540 0.0 8.0
5.0 0.0 540 8.0 8.0
5.0 0.0 555 8.0 0.0

-5.0 0.0 555 0.0 8.0
-5.0 0.0 570 0.0 0.0
5.0 0.0 570 8.0 0.0

-5.0 0.0 555 0.0 8.0
5.0 0.0 555 8.0 8.0
5.0 0.0 570 8.0 0.0

-5.0 0.0 570 0.0 8.0
-5.0 0.0 585 0.0 0.0
5.0 0.0 585 8.0 0.0

-5.0 0.0 570 0.0 8.0
5.0 0.0 570 8.0 8.0
5.0 0.0 585 8.0 0.0

-5.0 0.0 585 0.0 8.0
-5.0 0.0 600 0.0 0.0
5.0 0.0 600 8.0 0.0

-5.0 0.0 585 0.0 8.0
5.0 0.0 585 8.0 8.0
5.0 0.0 600 8.0 0.0

-5.0 0.0 600 0.0 8.0
-5.0 0.0 615 0.0 0.0
5.0 0.0 615 8.0 0.0

-5.0 0.0 600 0.0 8.0
5.0 0.0 600 8.0 8.0
5.0 0.0 615 8.0 0.0

-5.0 0.0 615 0.0 8.0
-5.0 0.0 630 0.0 0.0
5.0 0.0 630 8.0 0.0

-5.0 0.0 615 0.0 8.0
5.0 0.0 615 8.0 8.0
5.0 0.0 630 8.0 0.0

-5.0 0.0 630 0.0 8.0
-5.0 0.0 645 0.0 0.0
5.0 0.0 645 8.0 0.0

-5.0 0.0 630 0.0 8.0
5.0 0.0 630 8.0 8.0
5.0 0.0 645 8.0 0.0

-5.0 0.0 645 0.0 8.0
-5.0 0.0 660 0.0 0.0
5.0 0.0 660 8.0 0.0

-5.0 0.0 645 0.0 8.0
5.0 0.0 645 8.0 8.0
5.0 0.0 660 8.0 0.0

-5.0 0.0 660 0.0 8.0
-5.0 0.0 675 0.0 0.0
5.0 0.0 675 8.0 0.0

-5.0 0.0 660 0.0 8.0
5.0 0.0 660 8.0 8.0
5.0 0.0 675 8.0 0.0

-5.0 0.0 675 0.0 8.0
-5.0 0.0 690 0.0 0.0
5.0 0.0 690 8.0 0.0

-5.0 0.0 675 0.0 8.0
5.0 0.0 675 8.0 8.0
5.0 0.0 690 8.0 0.0

-5.0 0.0 690 0.0 8.0
-5.0 0.0 705 0.0 0.0
5.0 0.0 705 8.0 0.0

-5.0 0.0 690 0.0 8.0
5.0 0.0 690 8.0 8.0
5.0 0.0 705 8.0 0.0

-5.0 0.0 705 0.0 8.0
-5.0 0.0 720 0.0 0.0
5.0 0.0 720 8.0 0.0

-5.0 0.0 705 0.0 8.0
5.0 0.0 705 8.0 8.0
5.0 0.0 720 8.0 0.0

-5.0 0.0 720 0.0 8.0
-5.0 0.0 735 0.0 0.0
5.0 0.0 735 8.0 0.0

-5.0 0.0 720 0.0 8.0
5.0 0.0 720 8.0 8.0
5.0 0.0 735 8.0 0.0

-5.0 0.0 735 0.0 8.0
-5.0 0.0 750 0.0 0.0
5.0 0.0 750 8.0 0.0

-5.0 0.0 735 0.0 8.0
5.0 0.0 735 8.0 8.0
5.0 0.0 750 8.0 0.0

-5.0 0.0 750 0.0 8.0
-5.0 0.0 765 0.0 0.0
5.0 0.0 765 8.0 0.0

-5.0 0.0 750 0.0 8.0
5.0 0.0 750 8.0 8.0
5.0 0.0 765 8.0 0.0

-5.0 0.0 765 0.0 8.0
-5.0 0.0 780 0.0 0.0
5.0 0.0 780 8.0 0.0

-5.0 0.0 765 0.0 8.0
5.0 0.0 765 8.0 8.0
5.0 0.0 780 8.0 0.0

-5.0 0.0 780 0.0 8.0
-5.0 0.0 795 0.0 0.0
5.0 0.0 795 8.0 0.0

-5.0 0.0 780 0.0 8.0
5.0 0.0 780 8.0 8.0
5.0 0.0 795 8.0 0.0

-5.0 0.0 795 0.0 8.0
-5.0 0.0 810 0.0 0.0
5.0 0.0 810 8.0 0.0

-5.0 0.0 795 0.0 8.0
5.0 0.0 795 8.0 8.0
5.0 0.0 810 8.0 0.0

-5.0 0.0 810 0.0 8.0
-5.0 0.0 825 0.0 0.0
5.0 0.0 825 8.0 0.0

-5.0 0.0 810 0.0 8.0
5.0 0.0 810 8.0 8.0
5.0 0.0 825 8.0 0.0

-5.0 0.0 825 0.0 8.0
-5.0 0.0 840 0.0 0.0
5.0 0.0 840 8.0 0.0

-5.0 0.0 825 0.0 8.0
5.0 0.0 825 8.0 8.0
5.0 0.0 840 8.0 0.0

-5.0 0.0 840 0.0 8.0
-5.0 0.0 855 0.0 0.0
5.0 0.0 855 8.0 0.0

-5.0 0.0 840 0.0 8.0
5.0 0.0 840 8.0 8.0
5.0 0.0 855 8.0 0.0

-5.0 0.0 855 0.0 8.0
-5.0 0.0 870 0.0 0.0
5.0 0.0 870 8.0 0.0

-5.0 0.0 855 0.0 8.0
5.0 0.0 855 8.0 8.0
5.0 0.0 870 8.0 0.0

-5.0 0.0 870 0.0 8.0
-5.0 0.0 885 0.0 0.0
5.0 0.0 885 8.0 0.0

-5.0 0.0 870 0.0 8.0
5.0 0.0 870 8.0 8.0
5.0 0.0 885 8.0 0.0

-5.0 0.0 885 0.0 8.0
-5.0 0.0 900 0.0 0.0
5.0 0.0 900 8.0 0.0

-5.0 0.0 885 0.0 8.0
5.0 0.0 885 8.0 8.0
5.0 0.0 900 8.0 0.0

-5.0 0.0 900 0.0 8.0
-5.0 0.0 915 0.0 0.0
5.0 0.0 915 8.0 0.0

-5.0 0.0 900 0.0 8.0
5.0 0.0 900 8.0 8.0
5.0 0.0 915 8.0 0.0

-5.0 0.0 915 0.0 8.0
-5.0 0.0 930 0.0 0.0
5.0 0.0 930 8.0 0.0

-5.0 0.0 915 0.0 8.0
5.0 0.0 915 8.0 8.0
5.0 0.0 930 8.0 0.0

-5.0 0.0 930 0.0 8.0
-5.0 0.0 945 0.0 0.0
5.0 0.0 945 8.0 0.0

-5.0 0.0 930 0.0 8.0
5.0 0.0 930 8.0 8.0
5.0 0.0 945 8.0 0.0

-5.0 0.0 945 0.0 8.0
-5.0 0.0 960 0.0 0.0
5.0 0.0 960 8.0 0.0

-5.0 0.0 945 0.0 8.0
5.0 0.0 945 8.0 8.0
5.0 0.0 960 8.0 0.0

-5.0 0.0 960 0.0 8.0
-5.0 0.0 975 0.0 0.0
5.0 0.0 975 8.0 0.0

-5.0 0.0 960 0.0 8.0
5.0 0.0 960 8.0 8.0
5.0 0.0 975 8.0 0.0

-5.0 0.0 975 0.0 8.0
-5.0 0.0 990 0.0 0.0
5.0 0.0 990 8.0 0.0

-5.0 0.0 975 0.0 8.0
5.0 0.0 975 8.0 8.0
5.0 0.0 990 8.0 0.0

-5.0 0.0 990 0.0 8.0
-5.0 0.0 1005 0.0 0.0
5.0 0.0 1005 8.0 0.0

-5.0 0.0 990 0.0 8.0
5.0 0.0 990 8.0 8.0
5.0 0.0 1005 8.0 0.0

-5.0 0.0 1005 0.0 8.0
-5.0 0.0 1020 0.0 0.0
5.0 0.0 1020 8.0 0.0

-5.0 0.0 1005 0.0 8.0
5.0 0.0 1005 8.0 8.0
5.0 0.0 1020 8.0 0.0

-5.0 0.0 1020 0.0 8.0
-5.0 0.0 1035 0.0 0.0
5.0 0.0 1035 8.0 0.0

-5.0 0.0 1020 0.0 8.0
5.0 0.0 1020 8.0 8.0
5.0 0.0 1035 8.0 0.0

-5.0 0.0 1035 0.0 8.0
-5.0 0.0 1050 0.0 0.0
5.0 0.0 1050 8.0 0.0

-5.0 0.0 1035 0.0 8.0
5.0 0.0 1035 8.0 8.0
5.0 0.0 1050 8.0 0.0

-5.0 0.0 1050 0.0 8.0
-5.0 0.0 1065 0.0 0.0
5.0 0.0 1065 8.0 0.0

-5.0 0.0 1050 0.0 8.0
5.0 0.0 1050 8.0 8.0
5.0 0.0 1065 8.0 0.0

-5.0 0.0 1065 0.0 8.0
-5.0 0.0 1080 0.0 0.0
5.0 0.0 1080 8.0 0.0

-5.0 0.0 1065 0.0 8.0
5.0 0.0 1065 8.0 8.0
5.0 0.0 1080 8.0 0.0

-5.0 0.0 1080 0.0 8.0
-5.0 0.0 1095 0.0 0.0
5.0 0.0 1095 8.0 0.0

-5.0 0.0 1080 0.0 8.0
5.0 0.0 1080 8.0 8.0
5.0 0.0 1095 8.0 0.0

-5.0 0.0 1095 0.0 8.0
-5.0 0.0 1110 0.0 0.0
5.0 0.0 1110 8.0 0.0

-5.0 0.0 1095 0.0 8.0
5.0 0.0 1095 8.0 8.0
5.0 0.0 1110 8.0 0.0

-5.0 0.0 1110 0.0 8.0
-5.0 0.0 1125 0.0 0.0
5.0 0.0 1125 8.0 0.0

-5.0 0.0 1110 0.0 8.0
5.0 0.0 1110 8.0 8.0
5.0 0.0 1125 8.0 0.0

-5.0 0.0 1125 0.0 8.0
-5.0 0.0 1140 0.0 0.0
5.0 0.0 1140 8.0 0.0

-5.0 0.0 1125 0.0 8.0
5.0 0.0 1125 8.0 8.0
5.0 0.0 1140 8.0 0.0

-5.0 0.0 1140 0.0 8.0
-5.0 0.0 1155 0.0 0.0
5.0 0.0 1155 8.0 0.0

-5.0 0.0 1140 0.0 8.0
5.0 0.0 1140 8.0 8.0
5.0 0.0 1155 8.0 0.0

-5.0 0.0 1155 0.0 8.0
-5.0 0.0 1170 0.0 0.0
5.0 0.0 1170 8.0 0.0

-5.0 0.0 1155 0.0 8.0
5.0 0.0 1155 8.0 8.0
5.0 0.0 1170 8.0 0.0

-5.0 0.0 1170 0.0 8.0
-5.0 0.0 1185 0.0 0.0
5.0 0.0 1185 8.0 0.0

-5.0 0.0 1170 0.0 8.0
5.0 0.0 1170 8.0 8.0
5.0 0.0 1185 8.0 0.0

-5.0 0.0 1185 0.0 8.0
-5.0 0.0 1200 0.0 0.0
5.0 0.0 1200 8.0 0.0

-5.0 0.0 1185 0.0 8.0
5.0 0.0 1185 8.0 8.0
5.0 0.0 1200 8.0 0.0

-5.0 0.0 1200 0.0 8.0
-5.0 0.0 1215 0.0 0.0
5.0 0.0 1215 8.0 0.0

-5.0 0.0 1200 0.0 8.0
5.0 0.0 1200 8.0 8.0
5.0 0.0 1215 8.0 0.0

-5.0 0.0 1215 0.0 8.0
-5.0 0.0 1230 0.0 0.0
5.0 0.0 1230 8.0 0.0

-5.0 0.0 1215 0.0 8.0
5.0 0.0 1215 8.0 8.0
5.0 0.0 1230 8.0 0.0

