// Robnik notranji
// Robnik Desni

-5.0  0.1 -15.0 0.0 8.0
-5.0  0.1  15.0 0.0 0.0
-5.0  0.0  15.0 8.0 0.0

-5.0  0.1 -15.0 0.0 8.0
-5.0  0.0 -15.0 8.0 8.0
-5.0  0.0  15.0 8.0 0.0

-5.0  0.1  15.0 0.0 8.0
-5.0  0.1  30.0 0.0 0.0
-5.0  0.0  30.0 8.0 0.0

-5.0  0.1  15.0 0.0 8.0
-5.0  0.0  15.0 8.0 8.0
-5.0  0.0  30.0 8.0 0.0

-5.0 0.1 30 0.0 8.0
-5.0 0.1 45 0.0 0.0
-5.0 0.0 45 8.0 0.0

-5.0 0.1 30 0.0 8.0
-5.0 0.0 30 8.0 8.0
-5.0 0.0 45 8.0 0.0

-5.0 0.1 45 0.0 8.0
-5.0 0.1 60 0.0 0.0
-5.0 0.0 60 8.0 0.0

-5.0 0.1 45 0.0 8.0
-5.0 0.0 45 8.0 8.0
-5.0 0.0 60 8.0 0.0

-5.0 0.1 60 0.0 8.0
-5.0 0.1 75 0.0 0.0
-5.0 0.0 75 8.0 0.0

-5.0 0.1 60 0.0 8.0
-5.0 0.0 60 8.0 8.0
-5.0 0.0 75 8.0 0.0

-5.0 0.1 75 0.0 8.0
-5.0 0.1 90 0.0 0.0
-5.0 0.0 90 8.0 0.0

-5.0 0.1 75 0.0 8.0
-5.0 0.0 75 8.0 8.0
-5.0 0.0 90 8.0 0.0

-5.0 0.1 90 0.0 8.0
-5.0 0.1 105 0.0 0.0
-5.0 0.0 105 8.0 0.0

-5.0 0.1 90 0.0 8.0
-5.0 0.0 90 8.0 8.0
-5.0 0.0 105 8.0 0.0

-5.0 0.1 105 0.0 8.0
-5.0 0.1 120 0.0 0.0
-5.0 0.0 120 8.0 0.0

-5.0 0.1 105 0.0 8.0
-5.0 0.0 105 8.0 8.0
-5.0 0.0 120 8.0 0.0

-5.0 0.1 120 0.0 8.0
-5.0 0.1 135 0.0 0.0
-5.0 0.0 135 8.0 0.0

-5.0 0.1 120 0.0 8.0
-5.0 0.0 120 8.0 8.0
-5.0 0.0 135 8.0 0.0

-5.0 0.1 135 0.0 8.0
-5.0 0.1 150 0.0 0.0
-5.0 0.0 150 8.0 0.0

-5.0 0.1 135 0.0 8.0
-5.0 0.0 135 8.0 8.0
-5.0 0.0 150 8.0 0.0

-5.0 0.1 150 0.0 8.0
-5.0 0.1 165 0.0 0.0
-5.0 0.0 165 8.0 0.0

-5.0 0.1 150 0.0 8.0
-5.0 0.0 150 8.0 8.0
-5.0 0.0 165 8.0 0.0

-5.0 0.1 165 0.0 8.0
-5.0 0.1 180 0.0 0.0
-5.0 0.0 180 8.0 0.0

-5.0 0.1 165 0.0 8.0
-5.0 0.0 165 8.0 8.0
-5.0 0.0 180 8.0 0.0

-5.0 0.1 180 0.0 8.0
-5.0 0.1 195 0.0 0.0
-5.0 0.0 195 8.0 0.0

-5.0 0.1 180 0.0 8.0
-5.0 0.0 180 8.0 8.0
-5.0 0.0 195 8.0 0.0

-5.0 0.1 195 0.0 8.0
-5.0 0.1 210 0.0 0.0
-5.0 0.0 210 8.0 0.0

-5.0 0.1 195 0.0 8.0
-5.0 0.0 195 8.0 8.0
-5.0 0.0 210 8.0 0.0

-5.0 0.1 210 0.0 8.0
-5.0 0.1 225 0.0 0.0
-5.0 0.0 225 8.0 0.0

-5.0 0.1 210 0.0 8.0
-5.0 0.0 210 8.0 8.0
-5.0 0.0 225 8.0 0.0

-5.0 0.1 225 0.0 8.0
-5.0 0.1 240 0.0 0.0
-5.0 0.0 240 8.0 0.0

-5.0 0.1 225 0.0 8.0
-5.0 0.0 225 8.0 8.0
-5.0 0.0 240 8.0 0.0

-5.0 0.1 240 0.0 8.0
-5.0 0.1 255 0.0 0.0
-5.0 0.0 255 8.0 0.0

-5.0 0.1 240 0.0 8.0
-5.0 0.0 240 8.0 8.0
-5.0 0.0 255 8.0 0.0

-5.0 0.1 255 0.0 8.0
-5.0 0.1 270 0.0 0.0
-5.0 0.0 270 8.0 0.0

-5.0 0.1 255 0.0 8.0
-5.0 0.0 255 8.0 8.0
-5.0 0.0 270 8.0 0.0

-5.0 0.1 270 0.0 8.0
-5.0 0.1 285 0.0 0.0
-5.0 0.0 285 8.0 0.0

-5.0 0.1 270 0.0 8.0
-5.0 0.0 270 8.0 8.0
-5.0 0.0 285 8.0 0.0

-5.0 0.1 285 0.0 8.0
-5.0 0.1 300 0.0 0.0
-5.0 0.0 300 8.0 0.0

-5.0 0.1 285 0.0 8.0
-5.0 0.0 285 8.0 8.0
-5.0 0.0 300 8.0 0.0

-5.0 0.1 300 0.0 8.0
-5.0 0.1 315 0.0 0.0
-5.0 0.0 315 8.0 0.0

-5.0 0.1 300 0.0 8.0
-5.0 0.0 300 8.0 8.0
-5.0 0.0 315 8.0 0.0

-5.0 0.1 315 0.0 8.0
-5.0 0.1 330 0.0 0.0
-5.0 0.0 330 8.0 0.0

-5.0 0.1 315 0.0 8.0
-5.0 0.0 315 8.0 8.0
-5.0 0.0 330 8.0 0.0


-5.0 0.1 330 0.0 8.0
-5.0 0.1 345 0.0 0.0
-5.0 0.0 345 8.0 0.0

-5.0 0.1 330 0.0 8.0
-5.0 0.0 330 8.0 8.0
-5.0 0.0 345 8.0 0.0

-5.0 0.1 345 0.0 8.0
-5.0 0.1 360 0.0 0.0
-5.0 0.0 360 8.0 0.0

-5.0 0.1 345 0.0 8.0
-5.0 0.0 345 8.0 8.0
-5.0 0.0 360 8.0 0.0

-5.0 0.1 360 0.0 8.0
-5.0 0.1 375 0.0 0.0
-5.0 0.0 375 8.0 0.0

-5.0 0.1 360 0.0 8.0
-5.0 0.0 360 8.0 8.0
-5.0 0.0 375 8.0 0.0

-5.0 0.1 375 0.0 8.0
-5.0 0.1 390 0.0 0.0
-5.0 0.0 390 8.0 0.0

-5.0 0.1 375 0.0 8.0
-5.0 0.0 375 8.0 8.0
-5.0 0.0 390 8.0 0.0

-5.0 0.1 390 0.0 8.0
-5.0 0.1 405 0.0 0.0
-5.0 0.0 405 8.0 0.0

-5.0 0.1 390 0.0 8.0
-5.0 0.0 390 8.0 8.0
-5.0 0.0 405 8.0 0.0

-5.0 0.1 405 0.0 8.0
-5.0 0.1 420 0.0 0.0
-5.0 0.0 420 8.0 0.0

-5.0 0.1 405 0.0 8.0
-5.0 0.0 405 8.0 8.0
-5.0 0.0 420 8.0 0.0

-5.0 0.1 420 0.0 8.0
-5.0 0.1 435 0.0 0.0
-5.0 0.0 435 8.0 0.0

-5.0 0.1 420 0.0 8.0
-5.0 0.0 420 8.0 8.0
-5.0 0.0 435 8.0 0.0

-5.0 0.1 435 0.0 8.0
-5.0 0.1 450 0.0 0.0
-5.0 0.0 450 8.0 0.0

-5.0 0.1 435 0.0 8.0
-5.0 0.0 435 8.0 8.0
-5.0 0.0 450 8.0 0.0

-5.0 0.1 450 0.0 8.0
-5.0 0.1 465 0.0 0.0
-5.0 0.0 465 8.0 0.0

-5.0 0.1 450 0.0 8.0
-5.0 0.0 450 8.0 8.0
-5.0 0.0 465 8.0 0.0

-5.0 0.1 465 0.0 8.0
-5.0 0.1 480 0.0 0.0
-5.0 0.0 480 8.0 0.0

-5.0 0.1 465 0.0 8.0
-5.0 0.0 465 8.0 8.0
-5.0 0.0 480 8.0 0.0

-5.0 0.1 480 0.0 8.0
-5.0 0.1 495 0.0 0.0
-5.0 0.0 495 8.0 0.0

-5.0 0.1 480 0.0 8.0
-5.0 0.0 480 8.0 8.0
-5.0 0.0 495 8.0 0.0

-5.0 0.1 495 0.0 8.0
-5.0 0.1 510 0.0 0.0
-5.0 0.0 510 8.0 0.0

-5.0 0.1 495 0.0 8.0
-5.0 0.0 495 8.0 8.0
-5.0 0.0 510 8.0 0.0

-5.0 0.1 510 0.0 8.0
-5.0 0.1 525 0.0 0.0
-5.0 0.0 525 8.0 0.0

-5.0 0.1 510 0.0 8.0
-5.0 0.0 510 8.0 8.0
-5.0 0.0 525 8.0 0.0

-5.0 0.1 525 0.0 8.0
-5.0 0.1 540 0.0 0.0
-5.0 0.0 540 8.0 0.0

-5.0 0.1 525 0.0 8.0
-5.0 0.0 525 8.0 8.0
-5.0 0.0 540 8.0 0.0

-5.0 0.1 540 0.0 8.0
-5.0 0.1 555 0.0 0.0
-5.0 0.0 555 8.0 0.0

-5.0 0.1 540 0.0 8.0
-5.0 0.0 540 8.0 8.0
-5.0 0.0 555 8.0 0.0

-5.0 0.1 555 0.0 8.0
-5.0 0.1 570 0.0 0.0
-5.0 0.0 570 8.0 0.0

-5.0 0.1 555 0.0 8.0
-5.0 0.0 555 8.0 8.0
-5.0 0.0 570 8.0 0.0

-5.0 0.1 570 0.0 8.0
-5.0 0.1 585 0.0 0.0
-5.0 0.0 585 8.0 0.0

-5.0 0.1 570 0.0 8.0
-5.0 0.0 570 8.0 8.0
-5.0 0.0 585 8.0 0.0

-5.0 0.1 585 0.0 8.0
-5.0 0.1 600 0.0 0.0
-5.0 0.0 600 8.0 0.0

-5.0 0.1 585 0.0 8.0
-5.0 0.0 585 8.0 8.0
-5.0 0.0 600 8.0 0.0

-5.0 0.1 600 0.0 8.0
-5.0 0.1 615 0.0 0.0
-5.0 0.0 615 8.0 0.0

-5.0 0.1 600 0.0 8.0
-5.0 0.0 600 8.0 8.0
-5.0 0.0 615 8.0 0.0

-5.0 0.1 615 0.0 8.0
-5.0 0.1 630 0.0 0.0
-5.0 0.0 630 8.0 0.0

-5.0 0.1 615 0.0 8.0
-5.0 0.0 615 8.0 8.0
-5.0 0.0 630 8.0 0.0

-5.0 0.1 630 0.0 8.0
-5.0 0.1 645 0.0 0.0
-5.0 0.0 645 8.0 0.0

-5.0 0.1 630 0.0 8.0
-5.0 0.0 630 8.0 8.0
-5.0 0.0 645 8.0 0.0

-5.0 0.1 645 0.0 8.0
-5.0 0.1 660 0.0 0.0
-5.0 0.0 660 8.0 0.0

-5.0 0.1 645 0.0 8.0
-5.0 0.0 645 8.0 8.0
-5.0 0.0 660 8.0 0.0

-5.0 0.1 660 0.0 8.0
-5.0 0.1 675 0.0 0.0
-5.0 0.0 675 8.0 0.0

-5.0 0.1 660 0.0 8.0
-5.0 0.0 660 8.0 8.0
-5.0 0.0 675 8.0 0.0

-5.0 0.1 675 0.0 8.0
-5.0 0.1 690 0.0 0.0
-5.0 0.0 690 8.0 0.0

-5.0 0.1 675 0.0 8.0
-5.0 0.0 675 8.0 8.0
-5.0 0.0 690 8.0 0.0

-5.0 0.1 690 0.0 8.0
-5.0 0.1 705 0.0 0.0
-5.0 0.0 705 8.0 0.0

-5.0 0.1 690 0.0 8.0
-5.0 0.0 690 8.0 8.0
-5.0 0.0 705 8.0 0.0

-5.0 0.1 705 0.0 8.0
-5.0 0.1 720 0.0 0.0
-5.0 0.0 720 8.0 0.0

-5.0 0.1 705 0.0 8.0
-5.0 0.0 705 8.0 8.0
-5.0 0.0 720 8.0 0.0

-5.0 0.1 720 0.0 8.0
-5.0 0.1 735 0.0 0.0
-5.0 0.0 735 8.0 0.0

-5.0 0.1 720 0.0 8.0
-5.0 0.0 720 8.0 8.0
-5.0 0.0 735 8.0 0.0

-5.0 0.1 735 0.0 8.0
-5.0 0.1 750 0.0 0.0
-5.0 0.0 750 8.0 0.0

-5.0 0.1 735 0.0 8.0
-5.0 0.0 735 8.0 8.0
-5.0 0.0 750 8.0 0.0

-5.0 0.1 750 0.0 8.0
-5.0 0.1 765 0.0 0.0
-5.0 0.0 765 8.0 0.0

-5.0 0.1 750 0.0 8.0
-5.0 0.0 750 8.0 8.0
-5.0 0.0 765 8.0 0.0

-5.0 0.1 765 0.0 8.0
-5.0 0.1 780 0.0 0.0
-5.0 0.0 780 8.0 0.0

-5.0 0.1 765 0.0 8.0
-5.0 0.0 765 8.0 8.0
-5.0 0.0 780 8.0 0.0

-5.0 0.1 780 0.0 8.0
-5.0 0.1 795 0.0 0.0
-5.0 0.0 795 8.0 0.0

-5.0 0.1 780 0.0 8.0
-5.0 0.0 780 8.0 8.0
-5.0 0.0 795 8.0 0.0

-5.0 0.1 795 0.0 8.0
-5.0 0.1 810 0.0 0.0
-5.0 0.0 810 8.0 0.0

-5.0 0.1 795 0.0 8.0
-5.0 0.0 795 8.0 8.0
-5.0 0.0 810 8.0 0.0

-5.0 0.1 810 0.0 8.0
-5.0 0.1 825 0.0 0.0
-5.0 0.0 825 8.0 0.0

-5.0 0.1 810 0.0 8.0
-5.0 0.0 810 8.0 8.0
-5.0 0.0 825 8.0 0.0

-5.0 0.1 825 0.0 8.0
-5.0 0.1 840 0.0 0.0
-5.0 0.0 840 8.0 0.0

-5.0 0.1 825 0.0 8.0
-5.0 0.0 825 8.0 8.0
-5.0 0.0 840 8.0 0.0

-5.0 0.1 840 0.0 8.0
-5.0 0.1 855 0.0 0.0
-5.0 0.0 855 8.0 0.0

-5.0 0.1 840 0.0 8.0
-5.0 0.0 840 8.0 8.0
-5.0 0.0 855 8.0 0.0

-5.0 0.1 855 0.0 8.0
-5.0 0.1 870 0.0 0.0
-5.0 0.0 870 8.0 0.0

-5.0 0.1 855 0.0 8.0
-5.0 0.0 855 8.0 8.0
-5.0 0.0 870 8.0 0.0

-5.0 0.1 870 0.0 8.0
-5.0 0.1 885 0.0 0.0
-5.0 0.0 885 8.0 0.0

-5.0 0.1 870 0.0 8.0
-5.0 0.0 870 8.0 8.0
-5.0 0.0 885 8.0 0.0

-5.0 0.1 885 0.0 8.0
-5.0 0.1 900 0.0 0.0
-5.0 0.0 900 8.0 0.0

-5.0 0.1 885 0.0 8.0
-5.0 0.0 885 8.0 8.0
-5.0 0.0 900 8.0 0.0

-5.0 0.1 900 0.0 8.0
-5.0 0.1 915 0.0 0.0
-5.0 0.0 915 8.0 0.0

-5.0 0.1 900 0.0 8.0
-5.0 0.0 900 8.0 8.0
-5.0 0.0 915 8.0 0.0

-5.0 0.1 915 0.0 8.0
-5.0 0.1 930 0.0 0.0
-5.0 0.0 930 8.0 0.0

-5.0 0.1 915 0.0 8.0
-5.0 0.0 915 8.0 8.0
-5.0 0.0 930 8.0 0.0

-5.0 0.1 930 0.0 8.0
-5.0 0.1 945 0.0 0.0
-5.0 0.0 945 8.0 0.0

-5.0 0.1 930 0.0 8.0
-5.0 0.0 930 8.0 8.0
-5.0 0.0 945 8.0 0.0

-5.0 0.1 945 0.0 8.0
-5.0 0.1 960 0.0 0.0
-5.0 0.0 960 8.0 0.0

-5.0 0.1 945 0.0 8.0
-5.0 0.0 945 8.0 8.0
-5.0 0.0 960 8.0 0.0

-5.0 0.1 960 0.0 8.0
-5.0 0.1 975 0.0 0.0
-5.0 0.0 975 8.0 0.0

-5.0 0.1 960 0.0 8.0
-5.0 0.0 960 8.0 8.0
-5.0 0.0 975 8.0 0.0

-5.0 0.1 975 0.0 8.0
-5.0 0.1 990 0.0 0.0
-5.0 0.0 990 8.0 0.0

-5.0 0.1 975 0.0 8.0
-5.0 0.0 975 8.0 8.0
-5.0 0.0 990 8.0 0.0

-5.0 0.1 990 0.0 8.0
-5.0 0.1 1005 0.0 0.0
-5.0 0.0 1005 8.0 0.0

-5.0 0.1 990 0.0 8.0
-5.0 0.0 990 8.0 8.0
-5.0 0.0 1005 8.0 0.0

-5.0 0.1 1005 0.0 8.0
-5.0 0.1 1020 0.0 0.0
-5.0 0.0 1020 8.0 0.0

-5.0 0.1 1005 0.0 8.0
-5.0 0.0 1005 8.0 8.0
-5.0 0.0 1020 8.0 0.0

-5.0 0.1 1020 0.0 8.0
-5.0 0.1 1035 0.0 0.0
-5.0 0.0 1035 8.0 0.0

-5.0 0.1 1020 0.0 8.0
-5.0 0.0 1020 8.0 8.0
-5.0 0.0 1035 8.0 0.0

-5.0 0.1 1035 0.0 8.0
-5.0 0.1 1050 0.0 0.0
-5.0 0.0 1050 8.0 0.0

-5.0 0.1 1035 0.0 8.0
-5.0 0.0 1035 8.0 8.0
-5.0 0.0 1050 8.0 0.0

-5.0 0.1 1050 0.0 8.0
-5.0 0.1 1065 0.0 0.0
-5.0 0.0 1065 8.0 0.0

-5.0 0.1 1050 0.0 8.0
-5.0 0.0 1050 8.0 8.0
-5.0 0.0 1065 8.0 0.0

-5.0 0.1 1065 0.0 8.0
-5.0 0.1 1080 0.0 0.0
-5.0 0.0 1080 8.0 0.0

-5.0 0.1 1065 0.0 8.0
-5.0 0.0 1065 8.0 8.0
-5.0 0.0 1080 8.0 0.0

-5.0 0.1 1080 0.0 8.0
-5.0 0.1 1095 0.0 0.0
-5.0 0.0 1095 8.0 0.0

-5.0 0.1 1080 0.0 8.0
-5.0 0.0 1080 8.0 8.0
-5.0 0.0 1095 8.0 0.0

-5.0 0.1 1095 0.0 8.0
-5.0 0.1 1110 0.0 0.0
-5.0 0.0 1110 8.0 0.0

-5.0 0.1 1095 0.0 8.0
-5.0 0.0 1095 8.0 8.0
-5.0 0.0 1110 8.0 0.0

-5.0 0.1 1110 0.0 8.0
-5.0 0.1 1125 0.0 0.0
-5.0 0.0 1125 8.0 0.0

-5.0 0.1 1110 0.0 8.0
-5.0 0.0 1110 8.0 8.0
-5.0 0.0 1125 8.0 0.0

-5.0 0.1 1125 0.0 8.0
-5.0 0.1 1140 0.0 0.0
-5.0 0.0 1140 8.0 0.0

-5.0 0.1 1125 0.0 8.0
-5.0 0.0 1125 8.0 8.0
-5.0 0.0 1140 8.0 0.0

-5.0 0.1 1140 0.0 8.0
-5.0 0.1 1155 0.0 0.0
-5.0 0.0 1155 8.0 0.0

-5.0 0.1 1140 0.0 8.0
-5.0 0.0 1140 8.0 8.0
-5.0 0.0 1155 8.0 0.0

-5.0 0.1 1155 0.0 8.0
-5.0 0.1 1170 0.0 0.0
-5.0 0.0 1170 8.0 0.0

-5.0 0.1 1155 0.0 8.0
-5.0 0.0 1155 8.0 8.0
-5.0 0.0 1170 8.0 0.0

-5.0 0.1 1170 0.0 8.0
-5.0 0.1 1185 0.0 0.0
-5.0 0.0 1185 8.0 0.0

-5.0 0.1 1170 0.0 8.0
-5.0 0.0 1170 8.0 8.0
-5.0 0.0 1185 8.0 0.0

-5.0 0.1 1185 0.0 8.0
-5.0 0.1 1200 0.0 0.0
-5.0 0.0 1200 8.0 0.0

-5.0 0.1 1185 0.0 8.0
-5.0 0.0 1185 8.0 8.0
-5.0 0.0 1200 8.0 0.0

-5.0 0.1 1200 0.0 8.0
-5.0 0.1 1215 0.0 0.0
-5.0 0.0 1215 8.0 0.0

-5.0 0.1 1200 0.0 8.0
-5.0 0.0 1200 8.0 8.0
-5.0 0.0 1215 8.0 0.0

-5.0 0.1 1215 0.0 8.0
-5.0 0.1 1230 0.0 0.0
-5.0 0.0 1230 8.0 0.0

-5.0 0.1 1215 0.0 8.0
-5.0 0.0 1215 8.0 8.0
-5.0 0.0 1230 8.0 0.0



// Zgornji del robnika

-5.0  0.1 -15.0 0.0 8.0
-5.0  0.1  15.0 0.0 0.0
-5.1  0.1  15.0 8.0 0.0

-5.0  0.1 -15.0 0.0 8.0
-5.1  0.1 -15.0 8.0 8.0
-5.0  0.1  15.0 8.0 0.0

-5.0  0.1  15.0 0.0 8.0
-5.0  0.1  30.0 0.0 0.0
-5.1  0.1  30.0 8.0 0.0

-5.0  0.1  15.0 0.0 8.0
-5.1  0.1  15.0 8.0 8.0
-5.0  0.1  30.0 8.0 0.0

-5.0 0.1 30 0.0 8.0
-5.0 0.1 45 0.0 0.0
-5.1 0.1 45 8.0 0.0

-5.0 0.1 30 0.0 8.0
-5.1 0.1 30 8.0 8.0
-5.0 0.1 45 8.0 0.0

-5.0 0.1 45 0.0 8.0
-5.0 0.1 60 0.0 0.0
-5.1 0.1 60 8.0 0.0

-5.0 0.1 45 0.0 8.0
-5.1 0.1 45 8.0 8.0
-5.0 0.1 60 8.0 0.0

-5.0 0.1 60 0.0 8.0
-5.0 0.1 75 0.0 0.0
-5.1 0.1 75 8.0 0.0

-5.0 0.1 60 0.0 8.0
-5.1 0.1 60 8.0 8.0
-5.0 0.1 75 8.0 0.0

-5.0 0.1 75 0.0 8.0
-5.0 0.1 90 0.0 0.0
-5.1 0.1 90 8.0 0.0

-5.0 0.1 75 0.0 8.0
-5.1 0.1 75 8.0 8.0
-5.0 0.1 90 8.0 0.0

-5.0 0.1 90 0.0 8.0
-5.0 0.1 105 0.0 0.0
-5.1 0.1 105 8.0 0.0

-5.0 0.1 90 0.0 8.0
-5.1 0.1 90 8.0 8.0
-5.0 0.1 105 8.0 0.0

-5.0 0.1 105 0.0 8.0
-5.0 0.1 120 0.0 0.0
-5.1 0.1 120 8.0 0.0

-5.0 0.1 105 0.0 8.0
-5.1 0.1 105 8.0 8.0
-5.0 0.1 120 8.0 0.0

-5.0 0.1 120 0.0 8.0
-5.0 0.1 135 0.0 0.0
-5.1 0.1 135 8.0 0.0

-5.0 0.1 120 0.0 8.0
-5.1 0.1 120 8.0 8.0
-5.0 0.1 135 8.0 0.0

-5.0 0.1 135 0.0 8.0
-5.0 0.1 150 0.0 0.0
-5.1 0.1 150 8.0 0.0

-5.0 0.1 135 0.0 8.0
-5.1 0.1 135 8.0 8.0
-5.0 0.1 150 8.0 0.0

-5.0 0.1 150 0.0 8.0
-5.0 0.1 165 0.0 0.0
-5.1 0.1 165 8.0 0.0

-5.0 0.1 150 0.0 8.0
-5.1 0.1 150 8.0 8.0
-5.0 0.1 165 8.0 0.0

-5.0 0.1 165 0.0 8.0
-5.0 0.1 180 0.0 0.0
-5.1 0.1 180 8.0 0.0

-5.0 0.1 165 0.0 8.0
-5.1 0.1 165 8.0 8.0
-5.0 0.1 180 8.0 0.0

-5.0 0.1 180 0.0 8.0
-5.0 0.1 195 0.0 0.0
-5.1 0.1 195 8.0 0.0

-5.0 0.1 180 0.0 8.0
-5.1 0.1 180 8.0 8.0
-5.0 0.1 195 8.0 0.0

-5.0 0.1 195 0.0 8.0
-5.0 0.1 210 0.0 0.0
-5.1 0.1 210 8.0 0.0

-5.0 0.1 195 0.0 8.0
-5.1 0.1 195 8.0 8.0
-5.0 0.1 210 8.0 0.0

-5.0 0.1 210 0.0 8.0
-5.0 0.1 225 0.0 0.0
-5.1 0.1 225 8.0 0.0

-5.0 0.1 210 0.0 8.0
-5.1 0.1 210 8.0 8.0
-5.0 0.1 225 8.0 0.0

-5.0 0.1 225 0.0 8.0
-5.0 0.1 240 0.0 0.0
-5.1 0.1 240 8.0 0.0

-5.0 0.1 225 0.0 8.0
-5.1 0.1 225 8.0 8.0
-5.0 0.1 240 8.0 0.0

-5.0 0.1 240 0.0 8.0
-5.0 0.1 255 0.0 0.0
-5.1 0.1 255 8.0 0.0

-5.0 0.1 240 0.0 8.0
-5.1 0.1 240 8.0 8.0
-5.0 0.1 255 8.0 0.0

-5.0 0.1 255 0.0 8.0
-5.0 0.1 270 0.0 0.0
-5.1 0.1 270 8.0 0.0

-5.0 0.1 255 0.0 8.0
-5.1 0.1 255 8.0 8.0
-5.0 0.1 270 8.0 0.0

-5.0 0.1 270 0.0 8.0
-5.0 0.1 285 0.0 0.0
-5.1 0.1 285 8.0 0.0

-5.0 0.1 270 0.0 8.0
-5.1 0.1 270 8.0 8.0
-5.0 0.1 285 8.0 0.0

-5.0 0.1 285 0.0 8.0
-5.0 0.1 300 0.0 0.0
-5.1 0.1 300 8.0 0.0

-5.0 0.1 285 0.0 8.0
-5.1 0.1 285 8.0 8.0
-5.0 0.1 300 8.0 0.0

-5.0 0.1 300 0.0 8.0
-5.0 0.1 315 0.0 0.0
-5.1 0.1 315 8.0 0.0

-5.0 0.1 300 0.0 8.0
-5.1 0.1 300 8.0 8.0
-5.0 0.1 315 8.0 0.0

-5.0 0.1 315 0.0 8.0
-5.0 0.1 330 0.0 0.0
-5.1 0.1 330 8.0 0.0

-5.0 0.1 315 0.0 8.0
-5.1 0.1 315 8.0 8.0
-5.0 0.1 330 8.0 0.0

-5.0 0.1 330 0.0 8.0
-5.0 0.1 345 0.0 0.0
-5.1 0.1 345 8.0 0.0

-5.0 0.1 330 0.0 8.0
-5.1 0.1 330 8.0 8.0
-5.0 0.1 345 8.0 0.0

-5.0 0.1 345 0.0 8.0
-5.0 0.1 360 0.0 0.0
-5.1 0.1 360 8.0 0.0

-5.0 0.1 345 0.0 8.0
-5.1 0.1 345 8.0 8.0
-5.0 0.1 360 8.0 0.0

-5.0 0.1 360 0.0 8.0
-5.0 0.1 375 0.0 0.0
-5.1 0.1 375 8.0 0.0

-5.0 0.1 360 0.0 8.0
-5.1 0.1 360 8.0 8.0
-5.0 0.1 375 8.0 0.0

-5.0 0.1 375 0.0 8.0
-5.0 0.1 390 0.0 0.0
-5.1 0.1 390 8.0 0.0

-5.0 0.1 375 0.0 8.0
-5.1 0.1 375 8.0 8.0
-5.0 0.1 390 8.0 0.0

-5.0 0.1 390 0.0 8.0
-5.0 0.1 405 0.0 0.0
-5.1 0.1 405 8.0 0.0

-5.0 0.1 390 0.0 8.0
-5.1 0.1 390 8.0 8.0
-5.0 0.1 405 8.0 0.0

-5.0 0.1 405 0.0 8.0
-5.0 0.1 420 0.0 0.0
-5.1 0.1 420 8.0 0.0

-5.0 0.1 405 0.0 8.0
-5.1 0.1 405 8.0 8.0
-5.0 0.1 420 8.0 0.0

-5.0 0.1 420 0.0 8.0
-5.0 0.1 435 0.0 0.0
-5.1 0.1 435 8.0 0.0

-5.0 0.1 420 0.0 8.0
-5.1 0.1 420 8.0 8.0
-5.0 0.1 435 8.0 0.0

-5.0 0.1 435 0.0 8.0
-5.0 0.1 450 0.0 0.0
-5.1 0.1 450 8.0 0.0

-5.0 0.1 435 0.0 8.0
-5.1 0.1 435 8.0 8.0
-5.0 0.1 450 8.0 0.0

-5.0 0.1 450 0.0 8.0
-5.0 0.1 465 0.0 0.0
-5.1 0.1 465 8.0 0.0

-5.0 0.1 450 0.0 8.0
-5.1 0.1 450 8.0 8.0
-5.0 0.1 465 8.0 0.0

-5.0 0.1 465 0.0 8.0
-5.0 0.1 480 0.0 0.0
-5.1 0.1 480 8.0 0.0

-5.0 0.1 465 0.0 8.0
-5.1 0.1 465 8.0 8.0
-5.0 0.1 480 8.0 0.0

-5.0 0.1 480 0.0 8.0
-5.0 0.1 495 0.0 0.0
-5.1 0.1 495 8.0 0.0

-5.0 0.1 480 0.0 8.0
-5.1 0.1 480 8.0 8.0
-5.0 0.1 495 8.0 0.0

-5.0 0.1 495 0.0 8.0
-5.0 0.1 510 0.0 0.0
-5.1 0.1 510 8.0 0.0

-5.0 0.1 495 0.0 8.0
-5.1 0.1 495 8.0 8.0
-5.0 0.1 510 8.0 0.0

-5.0 0.1 510 0.0 8.0
-5.0 0.1 525 0.0 0.0
-5.1 0.1 525 8.0 0.0

-5.0 0.1 510 0.0 8.0
-5.1 0.1 510 8.0 8.0
-5.0 0.1 525 8.0 0.0

-5.0 0.1 525 0.0 8.0
-5.0 0.1 540 0.0 0.0
-5.1 0.1 540 8.0 0.0

-5.0 0.1 525 0.0 8.0
-5.1 0.1 525 8.0 8.0
-5.0 0.1 540 8.0 0.0

-5.0 0.1 540 0.0 8.0
-5.0 0.1 555 0.0 0.0
-5.1 0.1 555 8.0 0.0

-5.0 0.1 540 0.0 8.0
-5.1 0.1 540 8.0 8.0
-5.0 0.1 555 8.0 0.0

-5.0 0.1 555 0.0 8.0
-5.0 0.1 570 0.0 0.0
-5.1 0.1 570 8.0 0.0

-5.0 0.1 555 0.0 8.0
-5.1 0.1 555 8.0 8.0
-5.0 0.1 570 8.0 0.0

-5.0 0.1 570 0.0 8.0
-5.0 0.1 585 0.0 0.0
-5.1 0.1 585 8.0 0.0

-5.0 0.1 570 0.0 8.0
-5.1 0.1 570 8.0 8.0
-5.0 0.1 585 8.0 0.0

-5.0 0.1 585 0.0 8.0
-5.0 0.1 600 0.0 0.0
-5.1 0.1 600 8.0 0.0

-5.0 0.1 585 0.0 8.0
-5.1 0.1 585 8.0 8.0
-5.0 0.1 600 8.0 0.0

-5.0 0.1 600 0.0 8.0
-5.0 0.1 615 0.0 0.0
-5.1 0.1 615 8.0 0.0

-5.0 0.1 600 0.0 8.0
-5.1 0.1 600 8.0 8.0
-5.0 0.1 615 8.0 0.0

-5.0 0.1 615 0.0 8.0
-5.0 0.1 630 0.0 0.0
-5.1 0.1 630 8.0 0.0

-5.0 0.1 615 0.0 8.0
-5.1 0.1 615 8.0 8.0
-5.0 0.1 630 8.0 0.0

-5.0 0.1 630 0.0 8.0
-5.0 0.1 645 0.0 0.0
-5.1 0.1 645 8.0 0.0

-5.0 0.1 630 0.0 8.0
-5.1 0.1 630 8.0 8.0
-5.0 0.1 645 8.0 0.0

-5.0 0.1 645 0.0 8.0
-5.0 0.1 660 0.0 0.0
-5.1 0.1 660 8.0 0.0

-5.0 0.1 645 0.0 8.0
-5.1 0.1 645 8.0 8.0
-5.0 0.1 660 8.0 0.0

-5.0 0.1 660 0.0 8.0
-5.0 0.1 675 0.0 0.0
-5.1 0.1 675 8.0 0.0

-5.0 0.1 660 0.0 8.0
-5.1 0.1 660 8.0 8.0
-5.0 0.1 675 8.0 0.0

-5.0 0.1 675 0.0 8.0
-5.0 0.1 690 0.0 0.0
-5.1 0.1 690 8.0 0.0

-5.0 0.1 675 0.0 8.0
-5.1 0.1 675 8.0 8.0
-5.0 0.1 690 8.0 0.0

-5.0 0.1 690 0.0 8.0
-5.0 0.1 705 0.0 0.0
-5.1 0.1 705 8.0 0.0

-5.0 0.1 690 0.0 8.0
-5.1 0.1 690 8.0 8.0
-5.0 0.1 705 8.0 0.0

-5.0 0.1 705 0.0 8.0
-5.0 0.1 720 0.0 0.0
-5.1 0.1 720 8.0 0.0

-5.0 0.1 705 0.0 8.0
-5.1 0.1 705 8.0 8.0
-5.0 0.1 720 8.0 0.0

-5.0 0.1 720 0.0 8.0
-5.0 0.1 735 0.0 0.0
-5.1 0.1 735 8.0 0.0

-5.0 0.1 720 0.0 8.0
-5.1 0.1 720 8.0 8.0
-5.0 0.1 735 8.0 0.0

-5.0 0.1 735 0.0 8.0
-5.0 0.1 750 0.0 0.0
-5.1 0.1 750 8.0 0.0

-5.0 0.1 735 0.0 8.0
-5.1 0.1 735 8.0 8.0
-5.0 0.1 750 8.0 0.0

-5.0 0.1 750 0.0 8.0
-5.0 0.1 765 0.0 0.0
-5.1 0.1 765 8.0 0.0

-5.0 0.1 750 0.0 8.0
-5.1 0.1 750 8.0 8.0
-5.0 0.1 765 8.0 0.0

-5.0 0.1 765 0.0 8.0
-5.0 0.1 780 0.0 0.0
-5.1 0.1 780 8.0 0.0

-5.0 0.1 765 0.0 8.0
-5.1 0.1 765 8.0 8.0
-5.0 0.1 780 8.0 0.0

-5.0 0.1 780 0.0 8.0
-5.0 0.1 795 0.0 0.0
-5.1 0.1 795 8.0 0.0

-5.0 0.1 780 0.0 8.0
-5.1 0.1 780 8.0 8.0
-5.0 0.1 795 8.0 0.0

-5.0 0.1 795 0.0 8.0
-5.0 0.1 810 0.0 0.0
-5.1 0.1 810 8.0 0.0

-5.0 0.1 795 0.0 8.0
-5.1 0.1 795 8.0 8.0
-5.0 0.1 810 8.0 0.0

-5.0 0.1 810 0.0 8.0
-5.0 0.1 825 0.0 0.0
-5.1 0.1 825 8.0 0.0

-5.0 0.1 810 0.0 8.0
-5.1 0.1 810 8.0 8.0
-5.0 0.1 825 8.0 0.0

-5.0 0.1 825 0.0 8.0
-5.0 0.1 840 0.0 0.0
-5.1 0.1 840 8.0 0.0

-5.0 0.1 825 0.0 8.0
-5.1 0.1 825 8.0 8.0
-5.0 0.1 840 8.0 0.0

-5.0 0.1 840 0.0 8.0
-5.0 0.1 855 0.0 0.0
-5.1 0.1 855 8.0 0.0

-5.0 0.1 840 0.0 8.0
-5.1 0.1 840 8.0 8.0
-5.0 0.1 855 8.0 0.0

-5.0 0.1 855 0.0 8.0
-5.0 0.1 870 0.0 0.0
-5.1 0.1 870 8.0 0.0

-5.0 0.1 855 0.0 8.0
-5.1 0.1 855 8.0 8.0
-5.0 0.1 870 8.0 0.0

-5.0 0.1 870 0.0 8.0
-5.0 0.1 885 0.0 0.0
-5.1 0.1 885 8.0 0.0

-5.0 0.1 870 0.0 8.0
-5.1 0.1 870 8.0 8.0
-5.0 0.1 885 8.0 0.0

-5.0 0.1 885 0.0 8.0
-5.0 0.1 900 0.0 0.0
-5.1 0.1 900 8.0 0.0

-5.0 0.1 885 0.0 8.0
-5.1 0.1 885 8.0 8.0
-5.0 0.1 900 8.0 0.0

-5.0 0.1 900 0.0 8.0
-5.0 0.1 915 0.0 0.0
-5.1 0.1 915 8.0 0.0

-5.0 0.1 900 0.0 8.0
-5.1 0.1 900 8.0 8.0
-5.0 0.1 915 8.0 0.0

-5.0 0.1 915 0.0 8.0
-5.0 0.1 930 0.0 0.0
-5.1 0.1 930 8.0 0.0

-5.0 0.1 915 0.0 8.0
-5.1 0.1 915 8.0 8.0
-5.0 0.1 930 8.0 0.0

-5.0 0.1 930 0.0 8.0
-5.0 0.1 945 0.0 0.0
-5.1 0.1 945 8.0 0.0

-5.0 0.1 930 0.0 8.0
-5.1 0.1 930 8.0 8.0
-5.0 0.1 945 8.0 0.0

-5.0 0.1 945 0.0 8.0
-5.0 0.1 960 0.0 0.0
-5.1 0.1 960 8.0 0.0

-5.0 0.1 945 0.0 8.0
-5.1 0.1 945 8.0 8.0
-5.0 0.1 960 8.0 0.0

-5.0 0.1 960 0.0 8.0
-5.0 0.1 975 0.0 0.0
-5.1 0.1 975 8.0 0.0

-5.0 0.1 960 0.0 8.0
-5.1 0.1 960 8.0 8.0
-5.0 0.1 975 8.0 0.0

-5.0 0.1 975 0.0 8.0
-5.0 0.1 990 0.0 0.0
-5.1 0.1 990 8.0 0.0

-5.0 0.1 975 0.0 8.0
-5.1 0.1 975 8.0 8.0
-5.0 0.1 990 8.0 0.0

-5.0 0.1 990 0.0 8.0
-5.0 0.1 1005 0.0 0.0
-5.1 0.1 1005 8.0 0.0

-5.0 0.1 990 0.0 8.0
-5.1 0.1 990 8.0 8.0
-5.0 0.1 1005 8.0 0.0

-5.0 0.1 1005 0.0 8.0
-5.0 0.1 1020 0.0 0.0
-5.1 0.1 1020 8.0 0.0

-5.0 0.1 1005 0.0 8.0
-5.1 0.1 1005 8.0 8.0
-5.0 0.1 1020 8.0 0.0

-5.0 0.1 1020 0.0 8.0
-5.0 0.1 1035 0.0 0.0
-5.1 0.1 1035 8.0 0.0

-5.0 0.1 1020 0.0 8.0
-5.1 0.1 1020 8.0 8.0
-5.0 0.1 1035 8.0 0.0

-5.0 0.1 1035 0.0 8.0
-5.0 0.1 1050 0.0 0.0
-5.1 0.1 1050 8.0 0.0

-5.0 0.1 1035 0.0 8.0
-5.1 0.1 1035 8.0 8.0
-5.0 0.1 1050 8.0 0.0

-5.0 0.1 1050 0.0 8.0
-5.0 0.1 1065 0.0 0.0
-5.1 0.1 1065 8.0 0.0

-5.0 0.1 1050 0.0 8.0
-5.1 0.1 1050 8.0 8.0
-5.0 0.1 1065 8.0 0.0

-5.0 0.1 1065 0.0 8.0
-5.0 0.1 1080 0.0 0.0
-5.1 0.1 1080 8.0 0.0

-5.0 0.1 1065 0.0 8.0
-5.1 0.1 1065 8.0 8.0
-5.0 0.1 1080 8.0 0.0

-5.0 0.1 1080 0.0 8.0
-5.0 0.1 1095 0.0 0.0
-5.1 0.1 1095 8.0 0.0

-5.0 0.1 1080 0.0 8.0
-5.1 0.1 1080 8.0 8.0
-5.0 0.1 1095 8.0 0.0

-5.0 0.1 1095 0.0 8.0
-5.0 0.1 1110 0.0 0.0
-5.1 0.1 1110 8.0 0.0

-5.0 0.1 1095 0.0 8.0
-5.1 0.1 1095 8.0 8.0
-5.0 0.1 1110 8.0 0.0

-5.0 0.1 1110 0.0 8.0
-5.0 0.1 1125 0.0 0.0
-5.1 0.1 1125 8.0 0.0

-5.0 0.1 1110 0.0 8.0
-5.1 0.1 1110 8.0 8.0
-5.0 0.1 1125 8.0 0.0

-5.0 0.1 1125 0.0 8.0
-5.0 0.1 1140 0.0 0.0
-5.1 0.1 1140 8.0 0.0

-5.0 0.1 1125 0.0 8.0
-5.1 0.1 1125 8.0 8.0
-5.0 0.1 1140 8.0 0.0

-5.0 0.1 1140 0.0 8.0
-5.0 0.1 1155 0.0 0.0
-5.1 0.1 1155 8.0 0.0

-5.0 0.1 1140 0.0 8.0
-5.1 0.1 1140 8.0 8.0
-5.0 0.1 1155 8.0 0.0

-5.0 0.1 1155 0.0 8.0
-5.0 0.1 1170 0.0 0.0
-5.1 0.1 1170 8.0 0.0

-5.0 0.1 1155 0.0 8.0
-5.1 0.1 1155 8.0 8.0
-5.0 0.1 1170 8.0 0.0

-5.0 0.1 1170 0.0 8.0
-5.0 0.1 1185 0.0 0.0
-5.1 0.1 1185 8.0 0.0

-5.0 0.1 1170 0.0 8.0
-5.1 0.1 1170 8.0 8.0
-5.0 0.1 1185 8.0 0.0

-5.0 0.1 1185 0.0 8.0
-5.0 0.1 1200 0.0 0.0
-5.1 0.1 1200 8.0 0.0

-5.0 0.1 1185 0.0 8.0
-5.1 0.1 1185 8.0 8.0
-5.0 0.1 1200 8.0 0.0

-5.0 0.1 1200 0.0 8.0
-5.0 0.1 1215 0.0 0.0
-5.1 0.1 1215 8.0 0.0

-5.0 0.1 1200 0.0 8.0
-5.1 0.1 1200 8.0 8.0
-5.0 0.1 1215 8.0 0.0

-5.0 0.1 1215 0.0 8.0
-5.0 0.1 1230 0.0 0.0
-5.1 0.1 1230 8.0 0.0

-5.0 0.1 1215 0.0 8.0
-5.1 0.1 1215 8.0 8.0
-5.0 0.1 1230 8.0 0.0

//Robnik Levi
//Zgornja stran

5.0  0.1 -15.0 0.0 8.0
5.0  0.1  15.0 0.0 0.0
5.1  0.1  15.0 8.0 0.0

5.0  0.1 -15.0 0.0 8.0
5.1  0.1 -15.0 8.0 8.0
5.0  0.1  15.0 8.0 0.0

5.0  0.1  15.0 0.0 8.0
5.0  0.1  30.0 0.0 0.0
5.1  0.1  30.0 8.0 0.0

5.0  0.1  15.0 0.0 8.0
5.1  0.1  15.0 8.0 8.0
5.0  0.1  30.0 8.0 0.0

5.0 0.1 30 0.0 8.0
5.0 0.1 45 0.0 0.0
5.1 0.1 45 8.0 0.0

5.0 0.1 30 0.0 8.0
5.1 0.1 30 8.0 8.0
5.0 0.1 45 8.0 0.0

5.0 0.1 45 0.0 8.0
5.0 0.1 60 0.0 0.0
5.1 0.1 60 8.0 0.0

5.0 0.1 45 0.0 8.0
5.1 0.1 45 8.0 8.0
5.0 0.1 60 8.0 0.0

5.0 0.1 60 0.0 8.0
5.0 0.1 75 0.0 0.0
5.1 0.1 75 8.0 0.0

5.0 0.1 60 0.0 8.0
5.1 0.1 60 8.0 8.0
5.0 0.1 75 8.0 0.0

5.0 0.1 75 0.0 8.0
5.0 0.1 90 0.0 0.0
5.1 0.1 90 8.0 0.0

5.0 0.1 75 0.0 8.0
5.1 0.1 75 8.0 8.0
5.0 0.1 90 8.0 0.0

5.0 0.1 90 0.0 8.0
5.0 0.1 105 0.0 0.0
5.1 0.1 105 8.0 0.0

5.0 0.1 90 0.0 8.0
5.1 0.1 90 8.0 8.0
5.0 0.1 105 8.0 0.0

5.0 0.1 105 0.0 8.0
5.0 0.1 120 0.0 0.0
5.1 0.1 120 8.0 0.0

5.0 0.1 105 0.0 8.0
5.1 0.1 105 8.0 8.0
5.0 0.1 120 8.0 0.0

5.0 0.1 120 0.0 8.0
5.0 0.1 135 0.0 0.0
5.1 0.1 135 8.0 0.0

5.0 0.1 120 0.0 8.0
5.1 0.1 120 8.0 8.0
5.0 0.1 135 8.0 0.0

5.0 0.1 135 0.0 8.0
5.0 0.1 150 0.0 0.0
5.1 0.1 150 8.0 0.0

5.0 0.1 135 0.0 8.0
5.1 0.1 135 8.0 8.0
5.0 0.1 150 8.0 0.0

5.0 0.1 150 0.0 8.0
5.0 0.1 165 0.0 0.0
5.1 0.1 165 8.0 0.0

5.0 0.1 150 0.0 8.0
5.1 0.1 150 8.0 8.0
5.0 0.1 165 8.0 0.0

5.0 0.1 165 0.0 8.0
5.0 0.1 180 0.0 0.0
5.1 0.1 180 8.0 0.0

5.0 0.1 165 0.0 8.0
5.1 0.1 165 8.0 8.0
5.0 0.1 180 8.0 0.0

5.0 0.1 180 0.0 8.0
5.0 0.1 195 0.0 0.0
5.1 0.1 195 8.0 0.0

5.0 0.1 180 0.0 8.0
5.1 0.1 180 8.0 8.0
5.0 0.1 195 8.0 0.0

5.0 0.1 195 0.0 8.0
5.0 0.1 210 0.0 0.0
5.1 0.1 210 8.0 0.0

5.0 0.1 195 0.0 8.0
5.1 0.1 195 8.0 8.0
5.0 0.1 210 8.0 0.0

5.0 0.1 210 0.0 8.0
5.0 0.1 225 0.0 0.0
5.1 0.1 225 8.0 0.0

5.0 0.1 210 0.0 8.0
5.1 0.1 210 8.0 8.0
5.0 0.1 225 8.0 0.0

5.0 0.1 225 0.0 8.0
5.0 0.1 240 0.0 0.0
5.1 0.1 240 8.0 0.0

5.0 0.1 225 0.0 8.0
5.1 0.1 225 8.0 8.0
5.0 0.1 240 8.0 0.0

5.0 0.1 240 0.0 8.0
5.0 0.1 255 0.0 0.0
5.1 0.1 255 8.0 0.0

5.0 0.1 240 0.0 8.0
5.1 0.1 240 8.0 8.0
5.0 0.1 255 8.0 0.0

5.0 0.1 255 0.0 8.0
5.0 0.1 270 0.0 0.0
5.1 0.1 270 8.0 0.0

5.0 0.1 255 0.0 8.0
5.1 0.1 255 8.0 8.0
5.0 0.1 270 8.0 0.0

5.0 0.1 270 0.0 8.0
5.0 0.1 285 0.0 0.0
5.1 0.1 285 8.0 0.0

5.0 0.1 270 0.0 8.0
5.1 0.1 270 8.0 8.0
5.0 0.1 285 8.0 0.0

5.0 0.1 285 0.0 8.0
5.0 0.1 300 0.0 0.0
5.1 0.1 300 8.0 0.0

5.0 0.1 285 0.0 8.0
5.1 0.1 285 8.0 8.0
5.0 0.1 300 8.0 0.0

5.0 0.1 300 0.0 8.0
5.0 0.1 315 0.0 0.0
5.1 0.1 315 8.0 0.0

5.0 0.1 300 0.0 8.0
5.1 0.1 300 8.0 8.0
5.0 0.1 315 8.0 0.0

5.0 0.1 315 0.0 8.0
5.0 0.1 330 0.0 0.0
5.1 0.1 330 8.0 0.0

5.0 0.1 315 0.0 8.0
5.1 0.1 315 8.0 8.0
5.0 0.1 330 8.0 0.0

5.0 0.1 330 0.0 8.0
5.0 0.1 345 0.0 0.0
5.1 0.1 345 8.0 0.0

5.0 0.1 330 0.0 8.0
5.1 0.1 330 8.0 8.0
5.0 0.1 345 8.0 0.0

5.0 0.1 345 0.0 8.0
5.0 0.1 360 0.0 0.0
5.1 0.1 360 8.0 0.0

5.0 0.1 345 0.0 8.0
5.1 0.1 345 8.0 8.0
5.0 0.1 360 8.0 0.0

5.0 0.1 360 0.0 8.0
5.0 0.1 375 0.0 0.0
5.1 0.1 375 8.0 0.0

5.0 0.1 360 0.0 8.0
5.1 0.1 360 8.0 8.0
5.0 0.1 375 8.0 0.0

5.0 0.1 375 0.0 8.0
5.0 0.1 390 0.0 0.0
5.1 0.1 390 8.0 0.0

5.0 0.1 375 0.0 8.0
5.1 0.1 375 8.0 8.0
5.0 0.1 390 8.0 0.0

5.0 0.1 390 0.0 8.0
5.0 0.1 405 0.0 0.0
5.1 0.1 405 8.0 0.0

5.0 0.1 390 0.0 8.0
5.1 0.1 390 8.0 8.0
5.0 0.1 405 8.0 0.0

5.0 0.1 405 0.0 8.0
5.0 0.1 420 0.0 0.0
5.1 0.1 420 8.0 0.0

5.0 0.1 405 0.0 8.0
5.1 0.1 405 8.0 8.0
5.0 0.1 420 8.0 0.0

5.0 0.1 420 0.0 8.0
5.0 0.1 435 0.0 0.0
5.1 0.1 435 8.0 0.0

5.0 0.1 420 0.0 8.0
5.1 0.1 420 8.0 8.0
5.0 0.1 435 8.0 0.0

5.0 0.1 435 0.0 8.0
5.0 0.1 450 0.0 0.0
5.1 0.1 450 8.0 0.0

5.0 0.1 435 0.0 8.0
5.1 0.1 435 8.0 8.0
5.0 0.1 450 8.0 0.0

5.0 0.1 450 0.0 8.0
5.0 0.1 465 0.0 0.0
5.1 0.1 465 8.0 0.0

5.0 0.1 450 0.0 8.0
5.1 0.1 450 8.0 8.0
5.0 0.1 465 8.0 0.0

5.0 0.1 465 0.0 8.0
5.0 0.1 480 0.0 0.0
5.1 0.1 480 8.0 0.0

5.0 0.1 465 0.0 8.0
5.1 0.1 465 8.0 8.0
5.0 0.1 480 8.0 0.0

5.0 0.1 480 0.0 8.0
5.0 0.1 495 0.0 0.0
5.1 0.1 495 8.0 0.0

5.0 0.1 480 0.0 8.0
5.1 0.1 480 8.0 8.0
5.0 0.1 495 8.0 0.0

5.0 0.1 495 0.0 8.0
5.0 0.1 510 0.0 0.0
5.1 0.1 510 8.0 0.0

5.0 0.1 495 0.0 8.0
5.1 0.1 495 8.0 8.0
5.0 0.1 510 8.0 0.0

5.0 0.1 510 0.0 8.0
5.0 0.1 525 0.0 0.0
5.1 0.1 525 8.0 0.0

5.0 0.1 510 0.0 8.0
5.1 0.1 510 8.0 8.0
5.0 0.1 525 8.0 0.0

5.0 0.1 525 0.0 8.0
5.0 0.1 540 0.0 0.0
5.1 0.1 540 8.0 0.0

5.0 0.1 525 0.0 8.0
5.1 0.1 525 8.0 8.0
5.0 0.1 540 8.0 0.0

5.0 0.1 540 0.0 8.0
5.0 0.1 555 0.0 0.0
5.1 0.1 555 8.0 0.0

5.0 0.1 540 0.0 8.0
5.1 0.1 540 8.0 8.0
5.0 0.1 555 8.0 0.0

5.0 0.1 555 0.0 8.0
5.0 0.1 570 0.0 0.0
5.1 0.1 570 8.0 0.0

5.0 0.1 555 0.0 8.0
5.1 0.1 555 8.0 8.0
5.0 0.1 570 8.0 0.0

5.0 0.1 570 0.0 8.0
5.0 0.1 585 0.0 0.0
5.1 0.1 585 8.0 0.0

5.0 0.1 570 0.0 8.0
5.1 0.1 570 8.0 8.0
5.0 0.1 585 8.0 0.0

5.0 0.1 585 0.0 8.0
5.0 0.1 600 0.0 0.0
5.1 0.1 600 8.0 0.0

5.0 0.1 585 0.0 8.0
5.1 0.1 585 8.0 8.0
5.0 0.1 600 8.0 0.0

5.0 0.1 600 0.0 8.0
5.0 0.1 615 0.0 0.0
5.1 0.1 615 8.0 0.0

5.0 0.1 600 0.0 8.0
5.1 0.1 600 8.0 8.0
5.0 0.1 615 8.0 0.0

5.0 0.1 615 0.0 8.0
5.0 0.1 630 0.0 0.0
5.1 0.1 630 8.0 0.0

5.0 0.1 615 0.0 8.0
5.1 0.1 615 8.0 8.0
5.0 0.1 630 8.0 0.0

5.0 0.1 630 0.0 8.0
5.0 0.1 645 0.0 0.0
5.1 0.1 645 8.0 0.0

5.0 0.1 630 0.0 8.0
5.1 0.1 630 8.0 8.0
5.0 0.1 645 8.0 0.0

5.0 0.1 645 0.0 8.0
5.0 0.1 660 0.0 0.0
5.1 0.1 660 8.0 0.0

5.0 0.1 645 0.0 8.0
5.1 0.1 645 8.0 8.0
5.0 0.1 660 8.0 0.0

5.0 0.1 660 0.0 8.0
5.0 0.1 675 0.0 0.0
5.1 0.1 675 8.0 0.0

5.0 0.1 660 0.0 8.0
5.1 0.1 660 8.0 8.0
5.0 0.1 675 8.0 0.0

5.0 0.1 675 0.0 8.0
5.0 0.1 690 0.0 0.0
5.1 0.1 690 8.0 0.0

5.0 0.1 675 0.0 8.0
5.1 0.1 675 8.0 8.0
5.0 0.1 690 8.0 0.0

5.0 0.1 690 0.0 8.0
5.0 0.1 705 0.0 0.0
5.1 0.1 705 8.0 0.0

5.0 0.1 690 0.0 8.0
5.1 0.1 690 8.0 8.0
5.0 0.1 705 8.0 0.0

5.0 0.1 705 0.0 8.0
5.0 0.1 720 0.0 0.0
5.1 0.1 720 8.0 0.0

5.0 0.1 705 0.0 8.0
5.1 0.1 705 8.0 8.0
5.0 0.1 720 8.0 0.0

5.0 0.1 720 0.0 8.0
5.0 0.1 735 0.0 0.0
5.1 0.1 735 8.0 0.0

5.0 0.1 720 0.0 8.0
5.1 0.1 720 8.0 8.0
5.0 0.1 735 8.0 0.0

5.0 0.1 735 0.0 8.0
5.0 0.1 750 0.0 0.0
5.1 0.1 750 8.0 0.0

5.0 0.1 735 0.0 8.0
5.1 0.1 735 8.0 8.0
5.0 0.1 750 8.0 0.0

5.0 0.1 750 0.0 8.0
5.0 0.1 765 0.0 0.0
5.1 0.1 765 8.0 0.0

5.0 0.1 750 0.0 8.0
5.1 0.1 750 8.0 8.0
5.0 0.1 765 8.0 0.0

5.0 0.1 765 0.0 8.0
5.0 0.1 780 0.0 0.0
5.1 0.1 780 8.0 0.0

5.0 0.1 765 0.0 8.0
5.1 0.1 765 8.0 8.0
5.0 0.1 780 8.0 0.0

5.0 0.1 780 0.0 8.0
5.0 0.1 795 0.0 0.0
5.1 0.1 795 8.0 0.0

5.0 0.1 780 0.0 8.0
5.1 0.1 780 8.0 8.0
5.0 0.1 795 8.0 0.0

5.0 0.1 795 0.0 8.0
5.0 0.1 810 0.0 0.0
5.1 0.1 810 8.0 0.0

5.0 0.1 795 0.0 8.0
5.1 0.1 795 8.0 8.0
5.0 0.1 810 8.0 0.0

5.0 0.1 810 0.0 8.0
5.0 0.1 825 0.0 0.0
5.1 0.1 825 8.0 0.0

5.0 0.1 810 0.0 8.0
5.1 0.1 810 8.0 8.0
5.0 0.1 825 8.0 0.0

5.0 0.1 825 0.0 8.0
5.0 0.1 840 0.0 0.0
5.1 0.1 840 8.0 0.0

5.0 0.1 825 0.0 8.0
5.1 0.1 825 8.0 8.0
5.0 0.1 840 8.0 0.0

5.0 0.1 840 0.0 8.0
5.0 0.1 855 0.0 0.0
5.1 0.1 855 8.0 0.0

5.0 0.1 840 0.0 8.0
5.1 0.1 840 8.0 8.0
5.0 0.1 855 8.0 0.0

5.0 0.1 855 0.0 8.0
5.0 0.1 870 0.0 0.0
5.1 0.1 870 8.0 0.0

5.0 0.1 855 0.0 8.0
5.1 0.1 855 8.0 8.0
5.0 0.1 870 8.0 0.0

5.0 0.1 870 0.0 8.0
5.0 0.1 885 0.0 0.0
5.1 0.1 885 8.0 0.0

5.0 0.1 870 0.0 8.0
5.1 0.1 870 8.0 8.0
5.0 0.1 885 8.0 0.0

5.0 0.1 885 0.0 8.0
5.0 0.1 900 0.0 0.0
5.1 0.1 900 8.0 0.0

5.0 0.1 885 0.0 8.0
5.1 0.1 885 8.0 8.0
5.0 0.1 900 8.0 0.0

5.0 0.1 900 0.0 8.0
5.0 0.1 915 0.0 0.0
5.1 0.1 915 8.0 0.0

5.0 0.1 900 0.0 8.0
5.1 0.1 900 8.0 8.0
5.0 0.1 915 8.0 0.0

5.0 0.1 915 0.0 8.0
5.0 0.1 930 0.0 0.0
5.1 0.1 930 8.0 0.0

5.0 0.1 915 0.0 8.0
5.1 0.1 915 8.0 8.0
5.0 0.1 930 8.0 0.0

5.0 0.1 930 0.0 8.0
5.0 0.1 945 0.0 0.0
5.1 0.1 945 8.0 0.0

5.0 0.1 930 0.0 8.0
5.1 0.1 930 8.0 8.0
5.0 0.1 945 8.0 0.0

5.0 0.1 945 0.0 8.0
5.0 0.1 960 0.0 0.0
5.1 0.1 960 8.0 0.0

5.0 0.1 945 0.0 8.0
5.1 0.1 945 8.0 8.0
5.0 0.1 960 8.0 0.0

5.0 0.1 960 0.0 8.0
5.0 0.1 975 0.0 0.0
5.1 0.1 975 8.0 0.0

5.0 0.1 960 0.0 8.0
5.1 0.1 960 8.0 8.0
5.0 0.1 975 8.0 0.0

5.0 0.1 975 0.0 8.0
5.0 0.1 990 0.0 0.0
5.1 0.1 990 8.0 0.0

5.0 0.1 975 0.0 8.0
5.1 0.1 975 8.0 8.0
5.0 0.1 990 8.0 0.0

5.0 0.1 990 0.0 8.0
5.0 0.1 1005 0.0 0.0
5.1 0.1 1005 8.0 0.0

5.0 0.1 990 0.0 8.0
5.1 0.1 990 8.0 8.0
5.0 0.1 1005 8.0 0.0

5.0 0.1 1005 0.0 8.0
5.0 0.1 1020 0.0 0.0
5.1 0.1 1020 8.0 0.0

5.0 0.1 1005 0.0 8.0
5.1 0.1 1005 8.0 8.0
5.0 0.1 1020 8.0 0.0

5.0 0.1 1020 0.0 8.0
5.0 0.1 1035 0.0 0.0
5.1 0.1 1035 8.0 0.0

5.0 0.1 1020 0.0 8.0
5.1 0.1 1020 8.0 8.0
5.0 0.1 1035 8.0 0.0

5.0 0.1 1035 0.0 8.0
5.0 0.1 1050 0.0 0.0
5.1 0.1 1050 8.0 0.0

5.0 0.1 1035 0.0 8.0
5.1 0.1 1035 8.0 8.0
5.0 0.1 1050 8.0 0.0

5.0 0.1 1050 0.0 8.0
5.0 0.1 1065 0.0 0.0
5.1 0.1 1065 8.0 0.0

5.0 0.1 1050 0.0 8.0
5.1 0.1 1050 8.0 8.0
5.0 0.1 1065 8.0 0.0

5.0 0.1 1065 0.0 8.0
5.0 0.1 1080 0.0 0.0
5.1 0.1 1080 8.0 0.0

5.0 0.1 1065 0.0 8.0
5.1 0.1 1065 8.0 8.0
5.0 0.1 1080 8.0 0.0

5.0 0.1 1080 0.0 8.0
5.0 0.1 1095 0.0 0.0
5.1 0.1 1095 8.0 0.0

5.0 0.1 1080 0.0 8.0
5.1 0.1 1080 8.0 8.0
5.0 0.1 1095 8.0 0.0

5.0 0.1 1095 0.0 8.0
5.0 0.1 1110 0.0 0.0
5.1 0.1 1110 8.0 0.0

5.0 0.1 1095 0.0 8.0
5.1 0.1 1095 8.0 8.0
5.0 0.1 1110 8.0 0.0

5.0 0.1 1110 0.0 8.0
5.0 0.1 1125 0.0 0.0
5.1 0.1 1125 8.0 0.0

5.0 0.1 1110 0.0 8.0
5.1 0.1 1110 8.0 8.0
5.0 0.1 1125 8.0 0.0

5.0 0.1 1125 0.0 8.0
5.0 0.1 1140 0.0 0.0
5.1 0.1 1140 8.0 0.0

5.0 0.1 1125 0.0 8.0
5.1 0.1 1125 8.0 8.0
5.0 0.1 1140 8.0 0.0

5.0 0.1 1140 0.0 8.0
5.0 0.1 1155 0.0 0.0
5.1 0.1 1155 8.0 0.0

5.0 0.1 1140 0.0 8.0
5.1 0.1 1140 8.0 8.0
5.0 0.1 1155 8.0 0.0

5.0 0.1 1155 0.0 8.0
5.0 0.1 1170 0.0 0.0
5.1 0.1 1170 8.0 0.0

5.0 0.1 1155 0.0 8.0
5.1 0.1 1155 8.0 8.0
5.0 0.1 1170 8.0 0.0

5.0 0.1 1170 0.0 8.0
5.0 0.1 1185 0.0 0.0
5.1 0.1 1185 8.0 0.0

5.0 0.1 1170 0.0 8.0
5.1 0.1 1170 8.0 8.0
5.0 0.1 1185 8.0 0.0

5.0 0.1 1185 0.0 8.0
5.0 0.1 1200 0.0 0.0
5.1 0.1 1200 8.0 0.0

5.0 0.1 1185 0.0 8.0
5.1 0.1 1185 8.0 8.0
5.0 0.1 1200 8.0 0.0

5.0 0.1 1200 0.0 8.0
5.0 0.1 1215 0.0 0.0
5.1 0.1 1215 8.0 0.0

5.0 0.1 1200 0.0 8.0
5.1 0.1 1200 8.0 8.0
5.0 0.1 1215 8.0 0.0

5.0 0.1 1215 0.0 8.0
5.0 0.1 1230 0.0 0.0
5.1 0.1 1230 8.0 0.0

5.0 0.1 1215 0.0 8.0
5.1 0.1 1215 8.0 8.0
5.0 0.1 1230 8.0 0.0

//notranja

5.0  0.1 -15.0 0.0 8.0
5.0  0.1  15.0 0.0 0.0
5.0  0.0  15.0 8.0 0.0

5.0  0.1 -15.0 0.0 8.0
5.0  0.0 -15.0 8.0 8.0
5.0  0.0  15.0 8.0 0.0

5.0 0.1 15 0.0 8.0
5.0 0.1 30 0.0 0.0
5.0 0.0 30 8.0 0.0

5.0 0.1 15 0.0 8.0
5.0 0.0 15 8.0 8.0
5.0 0.0 30 8.0 0.0

5.0 0.1 45 0.0 8.0
5.0 0.1 60 0.0 0.0
5.0 0.0 60 8.0 0.0

5.0 0.1 45 0.0 8.0
5.0 0.0 45 8.0 8.0
5.0 0.0 60 8.0 0.0

5.0 0.1 60 0.0 8.0
5.0 0.1 75 0.0 0.0
5.0 0.0 75 8.0 0.0

5.0 0.1 60 0.0 8.0
5.0 0.0 60 8.0 8.0
5.0 0.0 75 8.0 0.0

5.0 0.1 75 0.0 8.0
5.0 0.1 90 0.0 0.0
5.0 0.0 90 8.0 0.0

5.0 0.1 75 0.0 8.0
5.0 0.0 75 8.0 8.0
5.0 0.0 90 8.0 0.0

5.0 0.1 90 0.0 8.0
5.0 0.1 105 0.0 0.0
5.0 0.0 105 8.0 0.0

5.0 0.1 90 0.0 8.0
5.0 0.0 90 8.0 8.0
5.0 0.0 105 8.0 0.0

5.0 0.1 105 0.0 8.0
5.0 0.1 120 0.0 0.0
5.0 0.0 120 8.0 0.0

5.0 0.1 105 0.0 8.0
5.0 0.0 105 8.0 8.0
5.0 0.0 120 8.0 0.0

5.0 0.1 120 0.0 8.0
5.0 0.1 135 0.0 0.0
5.0 0.0 135 8.0 0.0

5.0 0.1 120 0.0 8.0
5.0 0.0 120 8.0 8.0
5.0 0.0 135 8.0 0.0

5.0 0.1 135 0.0 8.0
5.0 0.1 150 0.0 0.0
5.0 0.0 150 8.0 0.0

5.0 0.1 135 0.0 8.0
5.0 0.0 135 8.0 8.0
5.0 0.0 150 8.0 0.0

5.0 0.1 150 0.0 8.0
5.0 0.1 165 0.0 0.0
5.0 0.0 165 8.0 0.0

5.0 0.1 150 0.0 8.0
5.0 0.0 150 8.0 8.0
5.0 0.0 165 8.0 0.0

5.0 0.1 165 0.0 8.0
5.0 0.1 180 0.0 0.0
5.0 0.0 180 8.0 0.0

5.0 0.1 165 0.0 8.0
5.0 0.0 165 8.0 8.0
5.0 0.0 180 8.0 0.0

5.0 0.1 180 0.0 8.0
5.0 0.1 195 0.0 0.0
5.0 0.0 195 8.0 0.0

5.0 0.1 180 0.0 8.0
5.0 0.0 180 8.0 8.0
5.0 0.0 195 8.0 0.0

5.0 0.1 195 0.0 8.0
5.0 0.1 210 0.0 0.0
5.0 0.0 210 8.0 0.0

5.0 0.1 195 0.0 8.0
5.0 0.0 195 8.0 8.0
5.0 0.0 210 8.0 0.0

5.0 0.1 210 0.0 8.0
5.0 0.1 225 0.0 0.0
5.0 0.0 225 8.0 0.0

5.0 0.1 210 0.0 8.0
5.0 0.0 210 8.0 8.0
5.0 0.0 225 8.0 0.0

5.0 0.1 225 0.0 8.0
5.0 0.1 240 0.0 0.0
5.0 0.0 240 8.0 0.0

5.0 0.1 225 0.0 8.0
5.0 0.0 225 8.0 8.0
5.0 0.0 240 8.0 0.0

5.0 0.1 240 0.0 8.0
5.0 0.1 255 0.0 0.0
5.0 0.0 255 8.0 0.0

5.0 0.1 240 0.0 8.0
5.0 0.0 240 8.0 8.0
5.0 0.0 255 8.0 0.0

5.0 0.1 255 0.0 8.0
5.0 0.1 270 0.0 0.0
5.0 0.0 270 8.0 0.0

5.0 0.1 255 0.0 8.0
5.0 0.0 255 8.0 8.0
5.0 0.0 270 8.0 0.0

5.0 0.1 270 0.0 8.0
5.0 0.1 285 0.0 0.0
5.0 0.0 285 8.0 0.0

5.0 0.1 270 0.0 8.0
5.0 0.0 270 8.0 8.0
5.0 0.0 285 8.0 0.0

5.0 0.1 285 0.0 8.0
5.0 0.1 300 0.0 0.0
5.0 0.0 300 8.0 0.0

5.0 0.1 285 0.0 8.0
5.0 0.0 285 8.0 8.0
5.0 0.0 300 8.0 0.0

5.0 0.1 300 0.0 8.0
5.0 0.1 315 0.0 0.0
5.0 0.0 315 8.0 0.0

5.0 0.1 300 0.0 8.0
5.0 0.0 300 8.0 8.0
5.0 0.0 315 8.0 0.0

5.0 0.1 315 0.0 8.0
5.0 0.1 330 0.0 0.0
5.0 0.0 330 8.0 0.0

5.0 0.1 315 0.0 8.0
5.0 0.0 315 8.0 8.0
5.0 0.0 330 8.0 0.0

5.0 0.1 330 0.0 8.0
5.0 0.1 345 0.0 0.0
5.0 0.0 345 8.0 0.0

5.0 0.1 330 0.0 8.0
5.0 0.0 330 8.0 8.0
5.0 0.0 345 8.0 0.0

5.0 0.1 345 0.0 8.0
5.0 0.1 360 0.0 0.0
5.0 0.0 360 8.0 0.0

5.0 0.1 345 0.0 8.0
5.0 0.0 345 8.0 8.0
5.0 0.0 360 8.0 0.0

5.0 0.1 360 0.0 8.0
5.0 0.1 375 0.0 0.0
5.0 0.0 375 8.0 0.0

5.0 0.1 360 0.0 8.0
5.0 0.0 360 8.0 8.0
5.0 0.0 375 8.0 0.0

5.0 0.1 375 0.0 8.0
5.0 0.1 390 0.0 0.0
5.0 0.0 390 8.0 0.0

5.0 0.1 375 0.0 8.0
5.0 0.0 375 8.0 8.0
5.0 0.0 390 8.0 0.0

5.0 0.1 390 0.0 8.0
5.0 0.1 405 0.0 0.0
5.0 0.0 405 8.0 0.0

5.0 0.1 390 0.0 8.0
5.0 0.0 390 8.0 8.0
5.0 0.0 405 8.0 0.0

5.0 0.1 405 0.0 8.0
5.0 0.1 420 0.0 0.0
5.0 0.0 420 8.0 0.0

5.0 0.1 405 0.0 8.0
5.0 0.0 405 8.0 8.0
5.0 0.0 420 8.0 0.0

5.0 0.1 420 0.0 8.0
5.0 0.1 435 0.0 0.0
5.0 0.0 435 8.0 0.0

5.0 0.1 420 0.0 8.0
5.0 0.0 420 8.0 8.0
5.0 0.0 435 8.0 0.0

5.0 0.1 435 0.0 8.0
5.0 0.1 450 0.0 0.0
5.0 0.0 450 8.0 0.0

5.0 0.1 435 0.0 8.0
5.0 0.0 435 8.0 8.0
5.0 0.0 450 8.0 0.0

5.0 0.1 450 0.0 8.0
5.0 0.1 465 0.0 0.0
5.0 0.0 465 8.0 0.0

5.0 0.1 450 0.0 8.0
5.0 0.0 450 8.0 8.0
5.0 0.0 465 8.0 0.0

5.0 0.1 465 0.0 8.0
5.0 0.1 480 0.0 0.0
5.0 0.0 480 8.0 0.0

5.0 0.1 465 0.0 8.0
5.0 0.0 465 8.0 8.0
5.0 0.0 480 8.0 0.0

5.0 0.1 480 0.0 8.0
5.0 0.1 495 0.0 0.0
5.0 0.0 495 8.0 0.0

5.0 0.1 480 0.0 8.0
5.0 0.0 480 8.0 8.0
5.0 0.0 495 8.0 0.0

5.0 0.1 495 0.0 8.0
5.0 0.1 510 0.0 0.0
5.0 0.0 510 8.0 0.0

5.0 0.1 495 0.0 8.0
5.0 0.0 495 8.0 8.0
5.0 0.0 510 8.0 0.0

5.0 0.1 510 0.0 8.0
5.0 0.1 525 0.0 0.0
5.0 0.0 525 8.0 0.0

5.0 0.1 510 0.0 8.0
5.0 0.0 510 8.0 8.0
5.0 0.0 525 8.0 0.0

5.0 0.1 525 0.0 8.0
5.0 0.1 540 0.0 0.0
5.0 0.0 540 8.0 0.0

5.0 0.1 525 0.0 8.0
5.0 0.0 525 8.0 8.0
5.0 0.0 540 8.0 0.0

5.0 0.1 540 0.0 8.0
5.0 0.1 555 0.0 0.0
5.0 0.0 555 8.0 0.0

5.0 0.1 540 0.0 8.0
5.0 0.0 540 8.0 8.0
5.0 0.0 555 8.0 0.0

5.0 0.1 555 0.0 8.0
5.0 0.1 570 0.0 0.0
5.0 0.0 570 8.0 0.0

5.0 0.1 555 0.0 8.0
5.0 0.0 555 8.0 8.0
5.0 0.0 570 8.0 0.0

5.0 0.1 570 0.0 8.0
5.0 0.1 585 0.0 0.0
5.0 0.0 585 8.0 0.0

5.0 0.1 570 0.0 8.0
5.0 0.0 570 8.0 8.0
5.0 0.0 585 8.0 0.0

5.0 0.1 585 0.0 8.0
5.0 0.1 600 0.0 0.0
5.0 0.0 600 8.0 0.0

5.0 0.1 585 0.0 8.0
5.0 0.0 585 8.0 8.0
5.0 0.0 600 8.0 0.0

5.0 0.1 600 0.0 8.0
5.0 0.1 615 0.0 0.0
5.0 0.0 615 8.0 0.0

5.0 0.1 600 0.0 8.0
5.0 0.0 600 8.0 8.0
5.0 0.0 615 8.0 0.0

5.0 0.1 615 0.0 8.0
5.0 0.1 630 0.0 0.0
5.0 0.0 630 8.0 0.0

5.0 0.1 615 0.0 8.0
5.0 0.0 615 8.0 8.0
5.0 0.0 630 8.0 0.0

5.0 0.1 630 0.0 8.0
5.0 0.1 645 0.0 0.0
5.0 0.0 645 8.0 0.0

5.0 0.1 630 0.0 8.0
5.0 0.0 630 8.0 8.0
5.0 0.0 645 8.0 0.0

5.0 0.1 645 0.0 8.0
5.0 0.1 660 0.0 0.0
5.0 0.0 660 8.0 0.0

5.0 0.1 645 0.0 8.0
5.0 0.0 645 8.0 8.0
5.0 0.0 660 8.0 0.0

5.0 0.1 660 0.0 8.0
5.0 0.1 675 0.0 0.0
5.0 0.0 675 8.0 0.0

5.0 0.1 660 0.0 8.0
5.0 0.0 660 8.0 8.0
5.0 0.0 675 8.0 0.0

5.0 0.1 675 0.0 8.0
5.0 0.1 690 0.0 0.0
5.0 0.0 690 8.0 0.0

5.0 0.1 675 0.0 8.0
5.0 0.0 675 8.0 8.0
5.0 0.0 690 8.0 0.0

5.0 0.1 690 0.0 8.0
5.0 0.1 705 0.0 0.0
5.0 0.0 705 8.0 0.0

5.0 0.1 690 0.0 8.0
5.0 0.0 690 8.0 8.0
5.0 0.0 705 8.0 0.0

5.0 0.1 705 0.0 8.0
5.0 0.1 720 0.0 0.0
5.0 0.0 720 8.0 0.0

5.0 0.1 705 0.0 8.0
5.0 0.0 705 8.0 8.0
5.0 0.0 720 8.0 0.0

5.0 0.1 720 0.0 8.0
5.0 0.1 735 0.0 0.0
5.0 0.0 735 8.0 0.0

5.0 0.1 720 0.0 8.0
5.0 0.0 720 8.0 8.0
5.0 0.0 735 8.0 0.0

5.0 0.1 735 0.0 8.0
5.0 0.1 750 0.0 0.0
5.0 0.0 750 8.0 0.0

5.0 0.1 735 0.0 8.0
5.0 0.0 735 8.0 8.0
5.0 0.0 750 8.0 0.0

5.0 0.1 750 0.0 8.0
5.0 0.1 765 0.0 0.0
5.0 0.0 765 8.0 0.0

5.0 0.1 750 0.0 8.0
5.0 0.0 750 8.0 8.0
5.0 0.0 765 8.0 0.0

5.0 0.1 765 0.0 8.0
5.0 0.1 780 0.0 0.0
5.0 0.0 780 8.0 0.0

5.0 0.1 765 0.0 8.0
5.0 0.0 765 8.0 8.0
5.0 0.0 780 8.0 0.0

5.0 0.1 780 0.0 8.0
5.0 0.1 795 0.0 0.0
5.0 0.0 795 8.0 0.0

5.0 0.1 780 0.0 8.0
5.0 0.0 780 8.0 8.0
5.0 0.0 795 8.0 0.0

5.0 0.1 795 0.0 8.0
5.0 0.1 810 0.0 0.0
5.0 0.0 810 8.0 0.0

5.0 0.1 795 0.0 8.0
5.0 0.0 795 8.0 8.0
5.0 0.0 810 8.0 0.0

5.0 0.1 810 0.0 8.0
5.0 0.1 825 0.0 0.0
5.0 0.0 825 8.0 0.0

5.0 0.1 810 0.0 8.0
5.0 0.0 810 8.0 8.0
5.0 0.0 825 8.0 0.0

5.0 0.1 825 0.0 8.0
5.0 0.1 840 0.0 0.0
5.0 0.0 840 8.0 0.0

5.0 0.1 825 0.0 8.0
5.0 0.0 825 8.0 8.0
5.0 0.0 840 8.0 0.0

5.0 0.1 840 0.0 8.0
5.0 0.1 855 0.0 0.0
5.0 0.0 855 8.0 0.0

5.0 0.1 840 0.0 8.0
5.0 0.0 840 8.0 8.0
5.0 0.0 855 8.0 0.0

5.0 0.1 855 0.0 8.0
5.0 0.1 870 0.0 0.0
5.0 0.0 870 8.0 0.0

5.0 0.1 855 0.0 8.0
5.0 0.0 855 8.0 8.0
5.0 0.0 870 8.0 0.0

5.0 0.1 870 0.0 8.0
5.0 0.1 885 0.0 0.0
5.0 0.0 885 8.0 0.0

5.0 0.1 870 0.0 8.0
5.0 0.0 870 8.0 8.0
5.0 0.0 885 8.0 0.0

5.0 0.1 885 0.0 8.0
5.0 0.1 900 0.0 0.0
5.0 0.0 900 8.0 0.0

5.0 0.1 885 0.0 8.0
5.0 0.0 885 8.0 8.0
5.0 0.0 900 8.0 0.0

5.0 0.1 900 0.0 8.0
5.0 0.1 915 0.0 0.0
5.0 0.0 915 8.0 0.0

5.0 0.1 900 0.0 8.0
5.0 0.0 900 8.0 8.0
5.0 0.0 915 8.0 0.0

5.0 0.1 915 0.0 8.0
5.0 0.1 930 0.0 0.0
5.0 0.0 930 8.0 0.0

5.0 0.1 915 0.0 8.0
5.0 0.0 915 8.0 8.0
5.0 0.0 930 8.0 0.0

5.0 0.1 930 0.0 8.0
5.0 0.1 945 0.0 0.0
5.0 0.0 945 8.0 0.0

5.0 0.1 930 0.0 8.0
5.0 0.0 930 8.0 8.0
5.0 0.0 945 8.0 0.0

5.0 0.1 945 0.0 8.0
5.0 0.1 960 0.0 0.0
5.0 0.0 960 8.0 0.0

5.0 0.1 945 0.0 8.0
5.0 0.0 945 8.0 8.0
5.0 0.0 960 8.0 0.0

5.0 0.1 960 0.0 8.0
5.0 0.1 975 0.0 0.0
5.0 0.0 975 8.0 0.0

5.0 0.1 960 0.0 8.0
5.0 0.0 960 8.0 8.0
5.0 0.0 975 8.0 0.0

5.0 0.1 975 0.0 8.0
5.0 0.1 990 0.0 0.0
5.0 0.0 990 8.0 0.0

5.0 0.1 975 0.0 8.0
5.0 0.0 975 8.0 8.0
5.0 0.0 990 8.0 0.0

5.0 0.1 990 0.0 8.0
5.0 0.1 1005 0.0 0.0
5.0 0.0 1005 8.0 0.0

5.0 0.1 990 0.0 8.0
5.0 0.0 990 8.0 8.0
5.0 0.0 1005 8.0 0.0

5.0 0.1 1005 0.0 8.0
5.0 0.1 1020 0.0 0.0
5.0 0.0 1020 8.0 0.0

5.0 0.1 1005 0.0 8.0
5.0 0.0 1005 8.0 8.0
5.0 0.0 1020 8.0 0.0

5.0 0.1 1020 0.0 8.0
5.0 0.1 1035 0.0 0.0
5.0 0.0 1035 8.0 0.0

5.0 0.1 1020 0.0 8.0
5.0 0.0 1020 8.0 8.0
5.0 0.0 1035 8.0 0.0

5.0 0.1 1035 0.0 8.0
5.0 0.1 1050 0.0 0.0
5.0 0.0 1050 8.0 0.0

5.0 0.1 1035 0.0 8.0
5.0 0.0 1035 8.0 8.0
5.0 0.0 1050 8.0 0.0

5.0 0.1 1050 0.0 8.0
5.0 0.1 1065 0.0 0.0
5.0 0.0 1065 8.0 0.0

5.0 0.1 1050 0.0 8.0
5.0 0.0 1050 8.0 8.0
5.0 0.0 1065 8.0 0.0

5.0 0.1 1065 0.0 8.0
5.0 0.1 1080 0.0 0.0
5.0 0.0 1080 8.0 0.0

5.0 0.1 1065 0.0 8.0
5.0 0.0 1065 8.0 8.0
5.0 0.0 1080 8.0 0.0

5.0 0.1 1080 0.0 8.0
5.0 0.1 1095 0.0 0.0
5.0 0.0 1095 8.0 0.0

5.0 0.1 1080 0.0 8.0
5.0 0.0 1080 8.0 8.0
5.0 0.0 1095 8.0 0.0

5.0 0.1 1095 0.0 8.0
5.0 0.1 1110 0.0 0.0
5.0 0.0 1110 8.0 0.0

5.0 0.1 1095 0.0 8.0
5.0 0.0 1095 8.0 8.0
5.0 0.0 1110 8.0 0.0

5.0 0.1 1110 0.0 8.0
5.0 0.1 1125 0.0 0.0
5.0 0.0 1125 8.0 0.0

5.0 0.1 1110 0.0 8.0
5.0 0.0 1110 8.0 8.0
5.0 0.0 1125 8.0 0.0

5.0 0.1 1125 0.0 8.0
5.0 0.1 1140 0.0 0.0
5.0 0.0 1140 8.0 0.0

5.0 0.1 1125 0.0 8.0
5.0 0.0 1125 8.0 8.0
5.0 0.0 1140 8.0 0.0

5.0 0.1 1140 0.0 8.0
5.0 0.1 1155 0.0 0.0
5.0 0.0 1155 8.0 0.0

5.0 0.1 1140 0.0 8.0
5.0 0.0 1140 8.0 8.0
5.0 0.0 1155 8.0 0.0

5.0 0.1 1155 0.0 8.0
5.0 0.1 1170 0.0 0.0
5.0 0.0 1170 8.0 0.0

5.0 0.1 1155 0.0 8.0
5.0 0.0 1155 8.0 8.0
5.0 0.0 1170 8.0 0.0

5.0 0.1 1170 0.0 8.0
5.0 0.1 1185 0.0 0.0
5.0 0.0 1185 8.0 0.0

5.0 0.1 1170 0.0 8.0
5.0 0.0 1170 8.0 8.0
5.0 0.0 1185 8.0 0.0

5.0 0.1 1185 0.0 8.0
5.0 0.1 1200 0.0 0.0
5.0 0.0 1200 8.0 0.0

5.0 0.1 1185 0.0 8.0
5.0 0.0 1185 8.0 8.0
5.0 0.0 1200 8.0 0.0

5.0 0.1 1200 0.0 8.0
5.0 0.1 1215 0.0 0.0
5.0 0.0 1215 8.0 0.0

5.0 0.1 1200 0.0 8.0
5.0 0.0 1200 8.0 8.0
5.0 0.0 1215 8.0 0.0

5.0 0.1 1215 0.0 8.0
5.0 0.1 1230 0.0 0.0
5.0 0.0 1230 8.0 0.0

5.0 0.1 1215 0.0 8.0
5.0 0.0 1215 8.0 8.0
5.0 0.0 1230 8.0 0.0

//zadna stena

5.2 0.0 1230 0.0 8.0
5.2 2.0 1230 8.0 8.0
-5.2 0.0 1230 8.0 0.0

-5.2 0.0 1230 0.0 8.0
-5.2 2.0 1230 8.0 8.0
5.2 2.0 1230 8.0 0.0

